Final Score: 10564.0
====================

--- Game History ---
Turn 1: AI chose down
[0. 0. 4. 0.]
[0. 0. 0. 0.]
[0. 0. 0. 0.]
[0. 0. 0. 4.]
----------
Turn 2: AI chose down
[0. 2. 0. 0.]
[0. 0. 0. 0.]
[0. 0. 0. 0.]
[0. 0. 4. 4.]
----------
Turn 3: AI chose up
[0. 0. 0. 0.]
[0. 0. 0. 0.]
[0. 0. 0. 2.]
[0. 2. 4. 4.]
----------
Turn 4: AI chose up
[0. 2. 4. 2.]
[0. 0. 0. 4.]
[2. 0. 0. 0.]
[0. 0. 0. 0.]
----------
Turn 5: AI chose left
[2. 2. 4. 2.]
[0. 0. 0. 4.]
[0. 2. 0. 0.]
[0. 0. 0. 0.]
----------
Turn 6: AI chose left
[4. 4. 2. 0.]
[4. 0. 0. 0.]
[2. 2. 0. 0.]
[0. 0. 0. 0.]
----------
Turn 7: AI chose down
[8. 2. 0. 0.]
[4. 0. 0. 0.]
[4. 2. 0. 0.]
[0. 0. 0. 0.]
----------
Turn 8: AI chose up
[0. 2. 0. 0.]
[0. 0. 0. 0.]
[8. 0. 0. 0.]
[8. 4. 0. 0.]
----------
Turn 9: AI chose left
[16.  2.  0.  0.]
[0. 4. 0. 0.]
[2. 0. 0. 0.]
[0. 0. 0. 0.]
----------
Turn 10: AI chose left
[16.  2.  0.  0.]
[4. 0. 0. 0.]
[2. 2. 0. 0.]
[0. 0. 0. 0.]
----------
Turn 11: AI chose left
[16.  2.  0.  0.]
[4. 0. 0. 0.]
[4. 0. 0. 0.]
[0. 2. 0. 0.]
----------
Turn 12: AI chose left
[16.  2.  2.  0.]
[4. 0. 0. 0.]
[4. 0. 0. 0.]
[2. 0. 0. 0.]
----------
Turn 13: AI chose right
[16.  4.  0.  0.]
[4. 0. 0. 0.]
[4. 0. 0. 0.]
[2. 0. 0. 2.]
----------
Turn 14: AI chose down
[ 0.  0. 16.  4.]
[2. 0. 0. 4.]
[0. 0. 0. 4.]
[0. 0. 0. 4.]
----------
Turn 15: AI chose right
[0. 0. 0. 0.]
[0. 0. 2. 0.]
[0. 0. 0. 8.]
[ 2.  0. 16.  8.]
----------
Turn 16: AI chose right
[2. 0. 0. 0.]
[0. 0. 0. 2.]
[0. 0. 0. 8.]
[ 0.  2. 16.  8.]
----------
Turn 17: AI chose right
[4. 0. 0. 2.]
[0. 0. 0. 2.]
[0. 0. 0. 8.]
[ 0.  2. 16.  8.]
----------
Turn 18: AI chose down
[0. 2. 4. 2.]
[0. 0. 0. 2.]
[0. 0. 0. 8.]
[ 0.  2. 16.  8.]
----------
Turn 19: AI chose right
[0. 0. 0. 0.]
[0. 0. 0. 2.]
[0. 0. 4. 4.]
[ 0.  4. 16. 16.]
----------
Turn 20: AI chose down
[0. 0. 0. 0.]
[0. 2. 0. 2.]
[0. 0. 0. 8.]
[ 0.  0.  4. 32.]
----------
Turn 21: AI chose down
[0. 0. 2. 0.]
[0. 0. 0. 2.]
[0. 0. 0. 8.]
[ 0.  2.  4. 32.]
----------
Turn 22: AI chose down
[2. 0. 0. 0.]
[0. 0. 0. 2.]
[0. 0. 2. 8.]
[ 0.  2.  4. 32.]
----------
Turn 23: AI chose down
[0. 0. 0. 0.]
[0. 0. 0. 2.]
[2. 0. 2. 8.]
[ 2.  2.  4. 32.]
----------
Turn 24: AI chose right
[0. 0. 0. 0.]
[0. 2. 0. 2.]
[0. 0. 2. 8.]
[ 4.  2.  4. 32.]
----------
Turn 25: AI chose right
[0. 0. 0. 0.]
[0. 0. 0. 4.]
[2. 0. 2. 8.]
[ 4.  2.  4. 32.]
----------
Turn 26: AI chose right
[0. 0. 0. 0.]
[2. 0. 0. 4.]
[0. 0. 4. 8.]
[ 4.  2.  4. 32.]
----------
Turn 27: AI chose right
[0. 0. 0. 0.]
[0. 0. 2. 4.]
[4. 0. 4. 8.]
[ 4.  2.  4. 32.]
----------
Turn 28: AI chose right
[0. 2. 0. 0.]
[0. 0. 2. 4.]
[0. 0. 8. 8.]
[ 4.  2.  4. 32.]
----------
Turn 29: AI chose down
[0. 0. 0. 2.]
[0. 2. 2. 4.]
[ 0.  0.  0. 16.]
[ 4.  2.  4. 32.]
----------
Turn 30: AI chose up
[0. 0. 0. 2.]
[0. 0. 0. 4.]
[ 2.  0.  2. 16.]
[ 4.  4.  4. 32.]
----------
Turn 31: AI chose right
[2. 4. 2. 2.]
[4. 0. 4. 4.]
[ 2.  0.  0. 16.]
[ 0.  0.  0. 32.]
----------
Turn 32: AI chose right
[0. 2. 4. 4.]
[0. 0. 4. 8.]
[ 0.  2.  2. 16.]
[ 0.  0.  0. 32.]
----------
Turn 33: AI chose down
[0. 0. 2. 8.]
[0. 0. 4. 8.]
[ 0.  0.  4. 16.]
[ 0.  2.  0. 32.]
----------
Turn 34: AI chose right
[0. 2. 0. 0.]
[ 0.  0.  0. 16.]
[ 0.  0.  2. 16.]
[ 0.  2.  8. 32.]
----------
Turn 35: AI chose down
[0. 0. 0. 2.]
[ 0.  0.  2. 16.]
[ 0.  0.  2. 16.]
[ 0.  2.  8. 32.]
----------
Turn 36: AI chose right
[0. 0. 0. 0.]
[2. 0. 0. 2.]
[ 0.  0.  4. 32.]
[ 0.  2.  8. 32.]
----------
Turn 37: AI chose right
[0. 2. 0. 0.]
[0. 0. 0. 4.]
[ 0.  0.  4. 32.]
[ 0.  2.  8. 32.]
----------
Turn 38: AI chose down
[0. 0. 0. 2.]
[0. 0. 0. 4.]
[ 0.  2.  4. 32.]
[ 0.  2.  8. 32.]
----------
Turn 39: AI chose right
[0. 0. 0. 0.]
[0. 0. 2. 2.]
[0. 0. 4. 4.]
[ 0.  4.  8. 64.]
----------
Turn 40: AI chose left
[0. 0. 0. 0.]
[0. 0. 0. 4.]
[0. 0. 2. 8.]
[ 0.  4.  8. 64.]
----------
Turn 41: AI chose down
[0. 0. 0. 0.]
[4. 0. 0. 0.]
[2. 8. 0. 0.]
[ 4.  8. 64.  2.]
----------
Turn 42: AI chose left
[0. 0. 0. 0.]
[4. 0. 0. 0.]
[2. 0. 0. 2.]
[ 4. 16. 64.  2.]
----------
Turn 43: AI chose down
[0. 0. 0. 0.]
[4. 0. 0. 0.]
[4. 2. 0. 0.]
[ 4. 16. 64.  2.]
----------
Turn 44: AI chose left
[0. 0. 0. 0.]
[0. 0. 0. 0.]
[4. 2. 2. 0.]
[ 8. 16. 64.  2.]
----------
Turn 45: AI chose left
[0. 0. 0. 0.]
[0. 0. 2. 0.]
[4. 4. 0. 0.]
[ 8. 16. 64.  2.]
----------
Turn 46: AI chose down
[2. 0. 0. 0.]
[2. 0. 0. 0.]
[8. 0. 0. 0.]
[ 8. 16. 64.  2.]
----------
Turn 47: AI chose left
[0. 0. 0. 0.]
[0. 0. 0. 2.]
[4. 0. 0. 0.]
[16. 16. 64.  2.]
----------
Turn 48: AI chose down
[0. 0. 0. 0.]
[2. 0. 2. 0.]
[4. 0. 0. 0.]
[32. 64.  2.  0.]
----------
Turn 49: AI chose right
[0. 0. 0. 0.]
[2. 0. 0. 0.]
[4. 0. 0. 0.]
[32. 64.  4.  2.]
----------
Turn 50: AI chose down
[0. 2. 0. 0.]
[0. 0. 0. 2.]
[0. 0. 0. 4.]
[32. 64.  4.  2.]
----------
Turn 51: AI chose right
[0. 0. 0. 0.]
[0. 2. 0. 2.]
[0. 2. 0. 4.]
[32. 64.  4.  2.]
----------
Turn 52: AI chose left
[0. 2. 0. 0.]
[0. 0. 0. 4.]
[0. 0. 2. 4.]
[32. 64.  4.  2.]
----------
Turn 53: AI chose right
[2. 0. 0. 0.]
[4. 0. 0. 0.]
[2. 4. 2. 0.]
[32. 64.  4.  2.]
----------
Turn 54: AI chose down
[2. 0. 0. 2.]
[0. 0. 0. 4.]
[0. 2. 4. 2.]
[32. 64.  4.  2.]
----------
Turn 55: AI chose down
[0. 0. 0. 0.]
[0. 0. 2. 2.]
[2. 2. 0. 4.]
[32. 64.  8.  4.]
----------
Turn 56: AI chose down
[2. 0. 0. 0.]
[0. 0. 0. 0.]
[2. 2. 2. 2.]
[32. 64.  8.  8.]
----------
Turn 57: AI chose down
[2. 0. 0. 0.]
[0. 0. 0. 0.]
[4. 2. 2. 2.]
[32. 64.  8.  8.]
----------
Turn 58: AI chose left
[0. 0. 0. 0.]
[2. 2. 0. 0.]
[4. 2. 2. 2.]
[32. 64.  8.  8.]
----------
Turn 59: AI chose down
[0. 0. 0. 2.]
[4. 0. 0. 0.]
[4. 4. 2. 0.]
[32. 64. 16.  0.]
----------
Turn 60: AI chose left
[0. 0. 0. 0.]
[0. 2. 0. 0.]
[8. 4. 2. 0.]
[32. 64. 16.  2.]
----------
Turn 61: AI chose down
[0. 2. 0. 0.]
[2. 0. 0. 0.]
[8. 4. 2. 0.]
[32. 64. 16.  2.]
----------
Turn 62: AI chose left
[0. 0. 0. 0.]
[2. 2. 0. 0.]
[8. 4. 2. 2.]
[32. 64. 16.  2.]
----------
Turn 63: AI chose down
[0. 0. 2. 0.]
[4. 0. 0. 0.]
[8. 4. 4. 0.]
[32. 64. 16.  2.]
----------
Turn 64: AI chose left
[0. 0. 2. 0.]
[4. 0. 2. 0.]
[8. 4. 4. 0.]
[32. 64. 16.  2.]
----------
Turn 65: AI chose down
[2. 0. 0. 0.]
[4. 2. 2. 0.]
[8. 8. 0. 0.]
[32. 64. 16.  2.]
----------
Turn 66: AI chose down
[2. 0. 0. 0.]
[4. 2. 0. 2.]
[8. 8. 2. 0.]
[32. 64. 16.  2.]
----------
Turn 67: AI chose down
[2. 0. 0. 0.]
[4. 2. 0. 2.]
[8. 8. 2. 0.]
[32. 64. 16.  4.]
----------
Turn 68: AI chose down
[2. 0. 0. 4.]
[4. 2. 0. 0.]
[8. 8. 2. 2.]
[32. 64. 16.  4.]
----------
Turn 69: AI chose right
[2. 0. 0. 0.]
[4. 2. 2. 4.]
[8. 8. 2. 2.]
[32. 64. 16.  4.]
----------
Turn 70: AI chose right
[0. 0. 0. 2.]
[2. 4. 4. 4.]
[ 0.  0. 16.  4.]
[32. 64. 16.  4.]
----------
Turn 71: AI chose down
[0. 0. 0. 2.]
[0. 2. 4. 8.]
[ 0.  2. 16.  4.]
[32. 64. 16.  4.]
----------
Turn 72: AI chose down
[0. 0. 0. 0.]
[0. 2. 0. 2.]
[0. 4. 4. 8.]
[32. 64. 32.  8.]
----------
Turn 73: AI chose down
[0. 0. 0. 2.]
[0. 2. 0. 0.]
[0. 4. 4. 2.]
[32. 64. 32. 16.]
----------
Turn 74: AI chose right
[0. 0. 0. 0.]
[0. 2. 0. 2.]
[0. 4. 4. 4.]
[32. 64. 32. 16.]
----------
Turn 75: AI chose down
[0. 0. 0. 0.]
[0. 2. 0. 4.]
[0. 0. 4. 8.]
[32. 64. 32. 16.]
----------
Turn 76: AI chose left
[0. 0. 0. 0.]
[0. 0. 2. 4.]
[0. 2. 4. 8.]
[32. 64. 32. 16.]
----------
Turn 77: AI chose right
[0. 0. 0. 0.]
[2. 4. 0. 2.]
[2. 4. 8. 0.]
[32. 64. 32. 16.]
----------
Turn 78: AI chose down
[0. 0. 2. 0.]
[0. 2. 4. 2.]
[0. 2. 4. 8.]
[32. 64. 32. 16.]
----------
Turn 79: AI chose right
[0. 0. 2. 0.]
[0. 0. 2. 2.]
[0. 4. 8. 8.]
[32. 64. 32. 16.]
----------
Turn 80: AI chose right
[0. 0. 0. 2.]
[0. 0. 0. 4.]
[ 2.  0.  4. 16.]
[32. 64. 32. 16.]
----------
Turn 81: AI chose right
[0. 0. 0. 2.]
[0. 0. 0. 4.]
[ 2.  2.  4. 16.]
[32. 64. 32. 16.]
----------
Turn 82: AI chose down
[0. 0. 0. 2.]
[0. 0. 0. 4.]
[ 2.  4.  4. 16.]
[32. 64. 32. 16.]
----------
Turn 83: AI chose right
[0. 0. 0. 0.]
[0. 0. 4. 2.]
[2. 4. 4. 4.]
[32. 64. 32. 32.]
----------
Turn 84: AI chose down
[0. 0. 2. 0.]
[0. 0. 4. 2.]
[0. 2. 4. 8.]
[ 0. 32. 64. 64.]
----------
Turn 85: AI chose down
[0. 0. 0. 0.]
[0. 0. 2. 2.]
[2. 2. 8. 8.]
[ 0. 32. 64. 64.]
----------
Turn 86: AI chose down
[2. 0. 0. 0.]
[0. 0. 2. 2.]
[0. 2. 8. 8.]
[ 2. 32. 64. 64.]
----------
Turn 87: AI chose down
[2. 0. 0. 0.]
[0. 0. 2. 2.]
[0. 2. 8. 8.]
[ 4. 32. 64. 64.]
----------
Turn 88: AI chose down
[0. 0. 0. 0.]
[2. 0. 2. 2.]
[2. 2. 8. 8.]
[ 4. 32. 64. 64.]
----------
Turn 89: AI chose down
[2. 0. 0. 0.]
[0. 0. 2. 2.]
[4. 2. 8. 8.]
[ 4. 32. 64. 64.]
----------
Turn 90: AI chose right
[0. 0. 4. 0.]
[0. 0. 2. 2.]
[2. 2. 8. 8.]
[ 8. 32. 64. 64.]
----------
Turn 91: AI chose right
[0. 0. 0. 4.]
[0. 0. 0. 4.]
[ 2.  0.  4. 16.]
[  0.   8.  32. 128.]
----------
Turn 92: AI chose down
[0. 0. 0. 4.]
[0. 0. 2. 4.]
[ 0.  2.  4. 16.]
[  0.   8.  32. 128.]
----------
Turn 93: AI chose left
[0. 0. 0. 0.]
[0. 0. 2. 8.]
[ 0.  2.  4. 16.]
[  4.   8.  32. 128.]
----------
Turn 94: AI chose right
[0. 0. 0. 0.]
[2. 8. 0. 2.]
[ 2.  4. 16.  0.]
[  4.   8.  32. 128.]
----------
Turn 95: AI chose down
[0. 0. 0. 0.]
[2. 2. 8. 2.]
[ 0.  2.  4. 16.]
[  4.   8.  32. 128.]
----------
Turn 96: AI chose right
[0. 0. 0. 0.]
[0. 2. 8. 2.]
[ 2.  4.  4. 16.]
[  4.   8.  32. 128.]
----------
Turn 97: AI chose down
[0. 0. 0. 0.]
[2. 2. 8. 2.]
[ 0.  2.  8. 16.]
[  4.   8.  32. 128.]
----------
Turn 98: AI chose right
[0. 0. 0. 0.]
[0. 0. 4. 2.]
[ 2.  4. 16. 16.]
[  4.   8.  32. 128.]
----------
Turn 99: AI chose down
[0. 2. 0. 0.]
[0. 0. 4. 2.]
[ 0.  2.  4. 32.]
[  4.   8.  32. 128.]
----------
Turn 100: AI chose left
[0. 0. 0. 0.]
[0. 0. 2. 2.]
[ 0.  4.  8. 32.]
[  4.   8.  32. 128.]
----------
Turn 101: AI chose down
[0. 0. 0. 2.]
[4. 0. 0. 0.]
[ 4.  8. 32.  0.]
[  4.   8.  32. 128.]
----------
Turn 102: AI chose down
[2. 0. 0. 0.]
[0. 0. 0. 0.]
[4. 0. 0. 2.]
[  8.  16.  64. 128.]
----------
Turn 103: AI chose down
[0. 0. 0. 2.]
[2. 0. 0. 0.]
[4. 0. 0. 2.]
[  8.  16.  64. 128.]
----------
Turn 104: AI chose left
[0. 0. 0. 0.]
[2. 2. 0. 0.]
[4. 0. 0. 4.]
[  8.  16.  64. 128.]
----------
Turn 105: AI chose down
[0. 0. 0. 0.]
[4. 2. 0. 0.]
[8. 0. 0. 0.]
[  8.  16.  64. 128.]
----------
Turn 106: AI chose right
[0. 2. 0. 0.]
[0. 0. 0. 0.]
[4. 2. 0. 0.]
[ 16.  16.  64. 128.]
----------
Turn 107: AI chose right
[0. 0. 0. 2.]
[2. 0. 0. 0.]
[0. 0. 4. 2.]
[  0.  32.  64. 128.]
----------
Turn 108: AI chose down
[0. 0. 0. 2.]
[0. 4. 0. 2.]
[0. 0. 4. 2.]
[  0.  32.  64. 128.]
----------
Turn 109: AI chose down
[0. 0. 0. 0.]
[2. 0. 0. 2.]
[0. 4. 4. 4.]
[  0.  32.  64. 128.]
----------
Turn 110: AI chose down
[0. 0. 2. 0.]
[0. 0. 0. 2.]
[0. 4. 4. 4.]
[  2.  32.  64. 128.]
----------
Turn 111: AI chose right
[0. 0. 0. 0.]
[0. 0. 2. 2.]
[2. 4. 4. 4.]
[  2.  32.  64. 128.]
----------
Turn 112: AI chose right
[4. 0. 0. 0.]
[0. 0. 0. 4.]
[0. 2. 4. 8.]
[  2.  32.  64. 128.]
----------
Turn 113: AI chose right
[0. 0. 0. 4.]
[0. 2. 0. 4.]
[0. 2. 4. 8.]
[  2.  32.  64. 128.]
----------
Turn 114: AI chose right
[0. 2. 0. 4.]
[0. 0. 2. 4.]
[0. 2. 4. 8.]
[  2.  32.  64. 128.]
----------
Turn 115: AI chose down
[0. 0. 2. 4.]
[0. 4. 2. 4.]
[0. 2. 4. 8.]
[  2.  32.  64. 128.]
----------
Turn 116: AI chose down
[0. 2. 0. 0.]
[0. 4. 4. 8.]
[0. 2. 4. 8.]
[  2.  32.  64. 128.]
----------
Turn 117: AI chose down
[2. 2. 0. 0.]
[0. 4. 0. 0.]
[ 0.  2.  8. 16.]
[  2.  32.  64. 128.]
----------
Turn 118: AI chose down
[0. 2. 2. 0.]
[0. 4. 0. 0.]
[ 0.  2.  8. 16.]
[  4.  32.  64. 128.]
----------
Turn 119: AI chose down
[0. 2. 0. 2.]
[0. 4. 2. 0.]
[ 0.  2.  8. 16.]
[  4.  32.  64. 128.]
----------
Turn 120: AI chose down
[2. 2. 0. 0.]
[0. 4. 2. 2.]
[ 0.  2.  8. 16.]
[  4.  32.  64. 128.]
----------
Turn 121: AI chose down
[0. 2. 0. 2.]
[0. 4. 2. 2.]
[ 2.  2.  8. 16.]
[  4.  32.  64. 128.]
----------
Turn 122: AI chose right
[0. 2. 0. 0.]
[2. 4. 2. 4.]
[ 2.  2.  8. 16.]
[  4.  32.  64. 128.]
----------
Turn 123: AI chose down
[0. 0. 4. 2.]
[2. 4. 2. 4.]
[ 0.  4.  8. 16.]
[  4.  32.  64. 128.]
----------
Turn 124: AI chose right
[0. 0. 4. 2.]
[0. 2. 2. 4.]
[ 2.  8.  8. 16.]
[  4.  32.  64. 128.]
----------
Turn 125: AI chose right
[2. 0. 4. 2.]
[0. 0. 4. 4.]
[ 0.  2. 16. 16.]
[  4.  32.  64. 128.]
----------
Turn 126: AI chose down
[0. 2. 4. 2.]
[2. 0. 0. 8.]
[ 0.  0.  2. 32.]
[  4.  32.  64. 128.]
----------
Turn 127: AI chose right
[0. 0. 2. 2.]
[0. 0. 4. 8.]
[ 2.  2.  2. 32.]
[  4.  32.  64. 128.]
----------
Turn 128: AI chose right
[2. 0. 0. 4.]
[0. 0. 4. 8.]
[ 0.  2.  4. 32.]
[  4.  32.  64. 128.]
----------
Turn 129: AI chose right
[2. 0. 2. 4.]
[0. 0. 4. 8.]
[ 0.  2.  4. 32.]
[  4.  32.  64. 128.]
----------
Turn 130: AI chose right
[0. 0. 4. 4.]
[0. 2. 4. 8.]
[ 0.  2.  4. 32.]
[  4.  32.  64. 128.]
----------
Turn 131: AI chose right
[0. 0. 0. 8.]
[2. 2. 4. 8.]
[ 0.  2.  4. 32.]
[  4.  32.  64. 128.]
----------
Turn 132: AI chose right
[0. 0. 2. 8.]
[0. 4. 4. 8.]
[ 0.  2.  4. 32.]
[  4.  32.  64. 128.]
----------
Turn 133: AI chose down
[0. 0. 2. 8.]
[0. 0. 8. 8.]
[ 2.  2.  4. 32.]
[  4.  32.  64. 128.]
----------
Turn 134: AI chose right
[0. 0. 2. 0.]
[ 2.  0.  8. 16.]
[ 2.  2.  4. 32.]
[  4.  32.  64. 128.]
----------
Turn 135: AI chose down
[0. 2. 0. 2.]
[ 0.  2.  8. 16.]
[ 0.  4.  4. 32.]
[  4.  32.  64. 128.]
----------
Turn 136: AI chose right
[0. 0. 2. 2.]
[ 0.  4.  8. 16.]
[ 0.  4.  4. 32.]
[  4.  32.  64. 128.]
----------
Turn 137: AI chose down
[0. 0. 0. 4.]
[ 0.  4.  8. 16.]
[ 0.  2.  8. 32.]
[  4.  32.  64. 128.]
----------
Turn 138: AI chose right
[0. 0. 0. 4.]
[ 0.  4.  0. 16.]
[ 4.  2. 16. 32.]
[  4.  32.  64. 128.]
----------
Turn 139: AI chose left
[0. 2. 0. 4.]
[ 0.  0.  4. 16.]
[ 4.  2. 16. 32.]
[  4.  32.  64. 128.]
----------
Turn 140: AI chose right
[2. 4. 0. 0.]
[ 4. 16.  2.  0.]
[ 4.  2. 16. 32.]
[  4.  32.  64. 128.]
----------
Turn 141: AI chose down
[2. 0. 2. 4.]
[ 0.  4. 16.  2.]
[ 4.  2. 16. 32.]
[  4.  32.  64. 128.]
----------
Turn 142: AI chose right
[0. 0. 4. 4.]
[0. 4. 2. 2.]
[ 2.  2. 32. 32.]
[  8.  32.  64. 128.]
----------
Turn 143: AI chose right
[0. 0. 0. 8.]
[0. 2. 4. 4.]
[ 0.  0.  4. 64.]
[  8.  32.  64. 128.]
----------
Turn 144: AI chose down
[0. 0. 0. 8.]
[0. 2. 2. 8.]
[ 0.  0.  4. 64.]
[  8.  32.  64. 128.]
----------
Turn 145: AI chose left
[0. 0. 0. 2.]
[ 0.  0.  2. 16.]
[ 0.  2.  4. 64.]
[  8.  32.  64. 128.]
----------
Turn 146: AI chose right
[2. 0. 0. 2.]
[ 2. 16.  0.  0.]
[ 2.  4. 64.  0.]
[  8.  32.  64. 128.]
----------
Turn 147: AI chose down
[0. 0. 2. 4.]
[ 0.  0.  2. 16.]
[ 0.  2.  4. 64.]
[  8.  32.  64. 128.]
----------
Turn 148: AI chose right
[2. 0. 0. 4.]
[ 0.  0.  4. 16.]
[ 0.  2.  4. 64.]
[  8.  32.  64. 128.]
----------
Turn 149: AI chose right
[0. 0. 2. 4.]
[ 0.  0.  4. 16.]
[ 2.  2.  4. 64.]
[  8.  32.  64. 128.]
----------
Turn 150: AI chose right
[0. 0. 2. 4.]
[ 0.  2.  4. 16.]
[ 0.  4.  4. 64.]
[  8.  32.  64. 128.]
----------
Turn 151: AI chose right
[0. 0. 2. 4.]
[ 2.  2.  4. 16.]
[ 0.  0.  8. 64.]
[  8.  32.  64. 128.]
----------
Turn 152: AI chose right
[0. 0. 2. 4.]
[ 0.  4.  4. 16.]
[ 2.  0.  8. 64.]
[  8.  32.  64. 128.]
----------
Turn 153: AI chose right
[0. 2. 2. 4.]
[ 0.  0.  8. 16.]
[ 0.  2.  8. 64.]
[  8.  32.  64. 128.]
----------
Turn 154: AI chose right
[0. 0. 4. 4.]
[ 2.  0.  8. 16.]
[ 0.  2.  8. 64.]
[  8.  32.  64. 128.]
----------
Turn 155: AI chose right
[0. 0. 0. 8.]
[ 0.  2.  8. 16.]
[ 2.  2.  8. 64.]
[  8.  32.  64. 128.]
----------
Turn 156: AI chose right
[2. 0. 0. 8.]
[ 0.  2.  8. 16.]
[ 0.  4.  8. 64.]
[  8.  32.  64. 128.]
----------
Turn 157: AI chose down
[0. 0. 2. 8.]
[ 0.  2.  8. 16.]
[ 2.  4.  8. 64.]
[  8.  32.  64. 128.]
----------
Turn 158: AI chose right
[2. 0. 0. 8.]
[ 0.  2.  2. 16.]
[ 2.  4. 16. 64.]
[  8.  32.  64. 128.]
----------
Turn 159: AI chose right
[2. 0. 2. 8.]
[ 0.  0.  4. 16.]
[ 2.  4. 16. 64.]
[  8.  32.  64. 128.]
----------
Turn 160: AI chose right
[0. 4. 4. 8.]
[ 0.  0.  4. 16.]
[ 2.  4. 16. 64.]
[  8.  32.  64. 128.]
----------
Turn 161: AI chose right
[0. 0. 8. 8.]
[ 4.  0.  4. 16.]
[ 2.  4. 16. 64.]
[  8.  32.  64. 128.]
----------
Turn 162: AI chose right
[ 0.  2.  0. 16.]
[ 0.  0.  8. 16.]
[ 2.  4. 16. 64.]
[  8.  32.  64. 128.]
----------
Turn 163: AI chose right
[ 0.  0.  2. 16.]
[ 2.  0.  8. 16.]
[ 2.  4. 16. 64.]
[  8.  32.  64. 128.]
----------
Turn 164: AI chose right
[ 2.  0.  2. 16.]
[ 0.  2.  8. 16.]
[ 2.  4. 16. 64.]
[  8.  32.  64. 128.]
----------
Turn 165: AI chose down
[ 0.  2.  4. 16.]
[ 0.  2.  8. 16.]
[ 2.  4. 16. 64.]
[  8.  32.  64. 128.]
----------
Turn 166: AI chose right
[0. 2. 4. 0.]
[ 0.  4.  8. 32.]
[ 2.  4. 16. 64.]
[  8.  32.  64. 128.]
----------
Turn 167: AI chose left
[0. 0. 2. 4.]
[ 2.  4.  8. 32.]
[ 2.  4. 16. 64.]
[  8.  32.  64. 128.]
----------
Turn 168: AI chose right
[2. 4. 2. 0.]
[ 2.  4.  8. 32.]
[ 2.  4. 16. 64.]
[  8.  32.  64. 128.]
----------
Turn 169: AI chose right
[2. 2. 4. 2.]
[ 2.  4.  8. 32.]
[ 2.  4. 16. 64.]
[  8.  32.  64. 128.]
----------
Turn 170: AI chose right
[2. 4. 4. 2.]
[ 2.  4.  8. 32.]
[ 2.  4. 16. 64.]
[  8.  32.  64. 128.]
----------
Turn 171: AI chose left
[2. 2. 8. 2.]
[ 2.  4.  8. 32.]
[ 2.  4. 16. 64.]
[  8.  32.  64. 128.]
----------
Turn 172: AI chose down
[4. 8. 2. 4.]
[ 2.  4.  8. 32.]
[ 2.  4. 16. 64.]
[  8.  32.  64. 128.]
----------
Turn 173: AI chose down
[4. 0. 2. 4.]
[ 4.  8.  8. 32.]
[ 4.  8. 16. 64.]
[  8.  32.  64. 128.]
----------
Turn 174: AI chose down
[0. 2. 2. 4.]
[ 4.  0.  8. 32.]
[ 8. 16. 16. 64.]
[  8.  32.  64. 128.]
----------
Turn 175: AI chose down
[0. 2. 2. 4.]
[ 0.  2.  8. 32.]
[ 4. 16. 16. 64.]
[ 16.  32.  64. 128.]
----------
Turn 176: AI chose right
[0. 0. 2. 4.]
[ 2.  4.  8. 32.]
[ 4. 16. 16. 64.]
[ 16.  32.  64. 128.]
----------
Turn 177: AI chose down
[0. 0. 2. 4.]
[ 2.  4.  8. 32.]
[ 2.  4. 32. 64.]
[ 16.  32.  64. 128.]
----------
Turn 178: AI chose down
[0. 2. 2. 4.]
[ 0.  0.  8. 32.]
[ 4.  8. 32. 64.]
[ 16.  32.  64. 128.]
----------
Turn 179: AI chose down
[0. 2. 2. 4.]
[ 0.  2.  8. 32.]
[ 4.  8. 32. 64.]
[ 16.  32.  64. 128.]
----------
Turn 180: AI chose left
[0. 0. 2. 4.]
[ 2.  4.  8. 32.]
[ 4.  8. 32. 64.]
[ 16.  32.  64. 128.]
----------
Turn 181: AI chose down
[2. 4. 2. 0.]
[ 2.  4.  8. 32.]
[ 4.  8. 32. 64.]
[ 16.  32.  64. 128.]
----------
Turn 182: AI chose down
[0. 0. 2. 2.]
[ 4.  8.  8. 32.]
[ 4.  8. 32. 64.]
[ 16.  32.  64. 128.]
----------
Turn 183: AI chose right
[0. 0. 2. 2.]
[ 0.  2.  8. 32.]
[ 8. 16. 32. 64.]
[ 16.  32.  64. 128.]
----------
Turn 184: AI chose right
[2. 0. 0. 4.]
[ 0.  2.  8. 32.]
[ 8. 16. 32. 64.]
[ 16.  32.  64. 128.]
----------
Turn 185: AI chose down
[0. 2. 2. 4.]
[ 0.  2.  8. 32.]
[ 8. 16. 32. 64.]
[ 16.  32.  64. 128.]
----------
Turn 186: AI chose left
[0. 2. 2. 4.]
[ 0.  4.  8. 32.]
[ 8. 16. 32. 64.]
[ 16.  32.  64. 128.]
----------
Turn 187: AI chose right
[4. 4. 0. 2.]
[ 4.  8. 32.  0.]
[ 8. 16. 32. 64.]
[ 16.  32.  64. 128.]
----------
Turn 188: AI chose down
[0. 0. 8. 2.]
[ 2.  4.  8. 32.]
[ 8. 16. 32. 64.]
[ 16.  32.  64. 128.]
----------
Turn 189: AI chose right
[0. 0. 2. 2.]
[ 2.  4. 16. 32.]
[ 8. 16. 32. 64.]
[ 16.  32.  64. 128.]
----------
Turn 190: AI chose left
[0. 0. 2. 4.]
[ 2.  4. 16. 32.]
[ 8. 16. 32. 64.]
[ 16.  32.  64. 128.]
----------
Turn 191: AI chose down
[2. 4. 0. 4.]
[ 2.  4. 16. 32.]
[ 8. 16. 32. 64.]
[ 16.  32.  64. 128.]
----------
Turn 192: AI chose right
[0. 2. 0. 4.]
[ 4.  8. 16. 32.]
[ 8. 16. 32. 64.]
[ 16.  32.  64. 128.]
----------
Turn 193: AI chose right
[2. 0. 2. 4.]
[ 4.  8. 16. 32.]
[ 8. 16. 32. 64.]
[ 16.  32.  64. 128.]
----------
Turn 194: AI chose right
[0. 2. 4. 4.]
[ 4.  8. 16. 32.]
[ 8. 16. 32. 64.]
[ 16.  32.  64. 128.]
----------
Turn 195: AI chose up
[0. 2. 2. 8.]
[ 4.  8. 16. 32.]
[ 8. 16. 32. 64.]
[ 16.  32.  64. 128.]
----------
Turn 196: AI chose right
[4. 2. 2. 8.]
[ 8.  8. 16. 32.]
[16. 16. 32. 64.]
[  2.  32.  64. 128.]
----------
Turn 197: AI chose right
[0. 4. 4. 8.]
[ 0. 16. 16. 32.]
[ 2. 32. 32. 64.]
[  2.  32.  64. 128.]
----------
Turn 198: AI chose down
[0. 0. 8. 8.]
[ 2.  0. 32. 32.]
[ 0.  2. 64. 64.]
[  2.  32.  64. 128.]
----------
Turn 199: AI chose right
[0. 0. 2. 8.]
[ 0.  0.  8. 32.]
[ 0.  2. 32. 64.]
[  4.  32. 128. 128.]
----------
Turn 200: AI chose down
[0. 0. 2. 8.]
[ 0.  0.  8. 32.]
[ 0.  2. 32. 64.]
[  2.   4.  32. 256.]
----------
Turn 201: AI chose down
[0. 0. 0. 8.]
[ 0.  0.  2. 32.]
[ 2.  2.  8. 64.]
[  2.   4.  64. 256.]
----------
Turn 202: AI chose down
[0. 0. 0. 8.]
[ 0.  2.  2. 32.]
[ 0.  2.  8. 64.]
[  4.   4.  64. 256.]
----------
Turn 203: AI chose down
[0. 0. 0. 8.]
[ 0.  2.  2. 32.]
[ 0.  4.  8. 64.]
[  4.   4.  64. 256.]
----------
Turn 204: AI chose up
[0. 0. 0. 8.]
[ 0.  2.  2. 32.]
[ 0.  2.  8. 64.]
[  4.   8.  64. 256.]
----------
Turn 205: AI chose down
[4. 4. 2. 8.]
[ 0.  8.  8. 32.]
[ 0.  0. 64. 64.]
[  2.   0.   0. 256.]
----------
Turn 206: AI chose down
[0. 2. 0. 8.]
[ 0.  0.  2. 32.]
[ 4.  4.  8. 64.]
[  2.   8.  64. 256.]
----------
Turn 207: AI chose right
[0. 0. 4. 8.]
[ 0.  2.  2. 32.]
[ 4.  4.  8. 64.]
[  2.   8.  64. 256.]
----------
Turn 208: AI chose down
[0. 0. 4. 8.]
[ 0.  2.  4. 32.]
[ 0.  8.  8. 64.]
[  2.   8.  64. 256.]
----------
Turn 209: AI chose down
[0. 0. 0. 8.]
[ 0.  4.  8. 32.]
[ 0.  2.  8. 64.]
[  2.  16.  64. 256.]
----------
Turn 210: AI chose right
[0. 0. 2. 8.]
[ 0.  4.  0. 32.]
[ 0.  2. 16. 64.]
[  2.  16.  64. 256.]
----------
Turn 211: AI chose right
[0. 0. 2. 8.]
[ 2.  0.  4. 32.]
[ 0.  2. 16. 64.]
[  2.  16.  64. 256.]
----------
Turn 212: AI chose right
[2. 0. 2. 8.]
[ 0.  2.  4. 32.]
[ 0.  2. 16. 64.]
[  2.  16.  64. 256.]
----------
Turn 213: AI chose right
[2. 0. 4. 8.]
[ 0.  2.  4. 32.]
[ 0.  2. 16. 64.]
[  2.  16.  64. 256.]
----------
Turn 214: AI chose right
[2. 2. 4. 8.]
[ 0.  2.  4. 32.]
[ 0.  2. 16. 64.]
[  2.  16.  64. 256.]
----------
Turn 215: AI chose right
[0. 4. 4. 8.]
[ 2.  2.  4. 32.]
[ 0.  2. 16. 64.]
[  2.  16.  64. 256.]
----------
Turn 216: AI chose down
[2. 0. 8. 8.]
[ 0.  4.  4. 32.]
[ 0.  2. 16. 64.]
[  2.  16.  64. 256.]
----------
Turn 217: AI chose up
[0. 0. 8. 8.]
[ 0.  4.  4. 32.]
[ 2.  2. 16. 64.]
[  4.  16.  64. 256.]
----------
Turn 218: AI chose up
[2. 4. 8. 8.]
[ 4.  2.  4. 32.]
[ 0. 16. 16. 64.]
[  2.   0.  64. 256.]
----------
Turn 219: AI chose right
[2. 4. 8. 8.]
[ 4.  2.  4. 32.]
[ 2. 16. 16. 64.]
[  2.   0.  64. 256.]
----------
Turn 220: AI chose up
[ 0.  2.  4. 16.]
[ 4.  2.  4. 32.]
[ 2.  2. 32. 64.]
[  0.   2.  64. 256.]
----------
Turn 221: AI chose right
[ 4.  4.  8. 16.]
[ 2.  4. 32. 32.]
[ 0.  0. 64. 64.]
[  4.   0.   0. 256.]
----------
Turn 222: AI chose up
[ 0.  8.  8. 16.]
[ 2.  2.  4. 64.]
[  0.   0.   0. 128.]
[  0.   0.   4. 256.]
----------
Turn 223: AI chose right
[ 2.  8.  8. 16.]
[ 0.  2.  8. 64.]
[  2.   0.   0. 128.]
[  0.   0.   0. 256.]
----------
Turn 224: AI chose down
[ 0.  2. 16. 16.]
[ 0.  2.  8. 64.]
[  0.   0.   2. 128.]
[  0.   0.   2. 256.]
----------
Turn 225: AI chose down
[ 0.  0.  0. 16.]
[ 2.  0. 16. 64.]
[  0.   0.   8. 128.]
[  0.   4.   4. 256.]
----------
Turn 226: AI chose right
[ 0.  0.  2. 16.]
[ 0.  0. 16. 64.]
[  0.   0.   8. 128.]
[  2.   4.   4. 256.]
----------
Turn 227: AI chose down
[ 0.  0.  2. 16.]
[ 0.  0. 16. 64.]
[  0.   4.   8. 128.]
[  0.   2.   8. 256.]
----------
Turn 228: AI chose right
[ 0.  0.  0. 16.]
[ 0.  2.  2. 64.]
[  0.   4.  16. 128.]
[  0.   2.  16. 256.]
----------
Turn 229: AI chose right
[ 4.  0.  0. 16.]
[ 0.  0.  4. 64.]
[  0.   4.  16. 128.]
[  0.   2.  16. 256.]
----------
Turn 230: AI chose down
[ 0.  0.  4. 16.]
[ 0.  0.  4. 64.]
[  2.   4.  16. 128.]
[  0.   2.  16. 256.]
----------
Turn 231: AI chose right
[ 2.  0.  0. 16.]
[ 0.  0.  0. 64.]
[  0.   4.   8. 128.]
[  2.   2.  32. 256.]
----------
Turn 232: AI chose right
[ 2.  0.  2. 16.]
[ 0.  0.  0. 64.]
[  0.   4.   8. 128.]
[  0.   4.  32. 256.]
----------
Turn 233: AI chose up
[ 0.  0.  4. 16.]
[ 0.  0.  2. 64.]
[  0.   4.   8. 128.]
[  0.   4.  32. 256.]
----------
Turn 234: AI chose down
[ 0.  8.  4. 16.]
[ 0.  0.  2. 64.]
[  2.   0.   8. 128.]
[  0.   0.  32. 256.]
----------
Turn 235: AI chose right
[ 2.  0.  4. 16.]
[ 0.  0.  2. 64.]
[  0.   0.   8. 128.]
[  2.   8.  32. 256.]
----------
Turn 236: AI chose down
[ 2.  2.  4. 16.]
[ 0.  0.  2. 64.]
[  0.   0.   8. 128.]
[  2.   8.  32. 256.]
----------
Turn 237: AI chose down
[ 2.  0.  4. 16.]
[ 0.  0.  2. 64.]
[  0.   2.   8. 128.]
[  4.   8.  32. 256.]
----------
Turn 238: AI chose down
[ 2.  0.  4. 16.]
[ 0.  0.  2. 64.]
[  2.   2.   8. 128.]
[  4.   8.  32. 256.]
----------
Turn 239: AI chose right
[ 0.  0.  4. 16.]
[ 2.  0.  2. 64.]
[  4.   2.   8. 128.]
[  4.   8.  32. 256.]
----------
Turn 240: AI chose right
[ 2.  0.  4. 16.]
[ 0.  0.  4. 64.]
[  4.   2.   8. 128.]
[  4.   8.  32. 256.]
----------
Turn 241: AI chose right
[ 2.  2.  4. 16.]
[ 0.  0.  4. 64.]
[  4.   2.   8. 128.]
[  4.   8.  32. 256.]
----------
Turn 242: AI chose down
[ 2.  4.  4. 16.]
[ 0.  0.  4. 64.]
[  4.   2.   8. 128.]
[  4.   8.  32. 256.]
----------
Turn 243: AI chose down
[ 0.  0.  2. 16.]
[ 0.  4.  8. 64.]
[  2.   2.   8. 128.]
[  8.   8.  32. 256.]
----------
Turn 244: AI chose down
[ 0.  0.  0. 16.]
[ 2.  4.  2. 64.]
[  2.   2.  16. 128.]
[  8.   8.  32. 256.]
----------
Turn 245: AI chose right
[ 2.  0.  0. 16.]
[ 0.  4.  2. 64.]
[  4.   2.  16. 128.]
[  8.   8.  32. 256.]
----------
Turn 246: AI chose down
[ 0.  0.  2. 16.]
[ 0.  4.  2. 64.]
[  4.   2.  16. 128.]
[  2.  16.  32. 256.]
----------
Turn 247: AI chose right
[ 4.  0.  0. 16.]
[ 0.  4.  4. 64.]
[  4.   2.  16. 128.]
[  2.  16.  32. 256.]
----------
Turn 248: AI chose right
[ 0.  0.  4. 16.]
[ 4.  0.  8. 64.]
[  4.   2.  16. 128.]
[  2.  16.  32. 256.]
----------
Turn 249: AI chose up
[ 0.  0.  4. 16.]
[ 2.  4.  8. 64.]
[  4.   2.  16. 128.]
[  2.  16.  32. 256.]
----------
Turn 250: AI chose down
[ 2.  4.  4. 16.]
[ 4.  2.  8. 64.]
[  2.  16.  16. 128.]
[  0.   2.  32. 256.]
----------
Turn 251: AI chose up
[ 2.  4.  4. 16.]
[ 2.  2.  8. 64.]
[  4.  16.  16. 128.]
[  2.   2.  32. 256.]
----------
Turn 252: AI chose right
[ 4.  4.  4. 16.]
[ 4.  2.  8. 64.]
[  2.  16.  16. 128.]
[  2.   2.  32. 256.]
----------
Turn 253: AI chose up
[ 2.  4.  8. 16.]
[ 4.  2.  8. 64.]
[  0.   2.  32. 128.]
[  0.   4.  32. 256.]
----------
Turn 254: AI chose up
[ 2.  4. 16. 16.]
[ 4.  4. 64. 64.]
[  0.   4.   0. 128.]
[  0.   0.   2. 256.]
----------
Turn 255: AI chose up
[ 2.  8. 16. 16.]
[ 4.  4. 64. 64.]
[  0.   0.   2. 128.]
[  4.   0.   0. 256.]
----------
Turn 256: AI chose up
[ 2.  8. 16. 16.]
[ 8.  4. 64. 64.]
[  0.   0.   2. 128.]
[  0.   0.   2. 256.]
----------
Turn 257: AI chose up
[ 2.  8. 16. 16.]
[ 8.  4. 64. 64.]
[  0.   0.   4. 128.]
[  2.   0.   0. 256.]
----------
Turn 258: AI chose up
[ 2.  8. 16. 16.]
[ 8.  4. 64. 64.]
[  2.   0.   4. 128.]
[  2.   0.   0. 256.]
----------
Turn 259: AI chose right
[ 2.  8. 16. 16.]
[ 8.  4. 64. 64.]
[  4.   2.   4. 128.]
[  0.   0.   0. 256.]
----------
Turn 260: AI chose right
[ 2.  2.  8. 32.]
[  0.   8.   4. 128.]
[  4.   2.   4. 128.]
[  0.   0.   0. 256.]
----------
Turn 261: AI chose down
[ 2.  4.  8. 32.]
[  0.   8.   4. 128.]
[  4.   2.   4. 128.]
[  0.   0.   0. 256.]
----------
Turn 262: AI chose right
[0. 0. 0. 2.]
[ 0.  4.  0. 32.]
[  2.   8.   8. 256.]
[  4.   2.   8. 256.]
----------
Turn 263: AI chose down
[0. 0. 0. 2.]
[ 0.  0.  4. 32.]
[  2.   2.  16. 256.]
[  4.   2.   8. 256.]
----------
Turn 264: AI chose right
[0. 0. 0. 0.]
[4. 0. 4. 2.]
[ 2.  0. 16. 32.]
[  4.   4.   8. 512.]
----------
Turn 265: AI chose down
[0. 0. 0. 2.]
[0. 0. 8. 2.]
[ 0.  2. 16. 32.]
[  0.   8.   8. 512.]
----------
Turn 266: AI chose right
[0. 0. 2. 0.]
[0. 0. 8. 4.]
[ 0.  2. 16. 32.]
[  0.   8.   8. 512.]
----------
Turn 267: AI chose down
[0. 0. 0. 2.]
[0. 0. 8. 4.]
[ 0.  2. 16. 32.]
[  4.   0.  16. 512.]
----------
Turn 268: AI chose right
[0. 0. 0. 2.]
[0. 4. 0. 4.]
[ 0.  0.  8. 32.]
[  4.   2.  32. 512.]
----------
Turn 269: AI chose right
[0. 2. 0. 2.]
[0. 0. 0. 8.]
[ 0.  0.  8. 32.]
[  4.   2.  32. 512.]
----------
Turn 270: AI chose up
[0. 0. 2. 4.]
[0. 0. 0. 8.]
[ 0.  0.  8. 32.]
[  4.   2.  32. 512.]
----------
Turn 271: AI chose up
[4. 2. 2. 4.]
[0. 0. 8. 8.]
[ 2.  0. 32. 32.]
[  0.   0.   0. 512.]
----------
Turn 272: AI chose right
[4. 2. 2. 4.]
[2. 0. 8. 8.]
[ 0.  0. 32. 32.]
[  0.   2.   0. 512.]
----------
Turn 273: AI chose right
[0. 4. 4. 4.]
[ 0.  0.  2. 16.]
[ 2.  0.  0. 64.]
[  0.   0.   2. 512.]
----------
Turn 274: AI chose up
[0. 0. 4. 8.]
[ 0.  2.  2. 16.]
[ 0.  0.  2. 64.]
[  0.   0.   2. 512.]
----------
Turn 275: AI chose up
[0. 2. 4. 8.]
[ 0.  2.  4. 16.]
[ 0.  0.  2. 64.]
[  0.   0.   0. 512.]
----------
Turn 276: AI chose up
[0. 4. 8. 8.]
[ 0.  0.  2. 16.]
[ 0.  0.  2. 64.]
[  0.   0.   0. 512.]
----------
Turn 277: AI chose up
[0. 4. 8. 8.]
[ 0.  0.  4. 16.]
[ 0.  0.  0. 64.]
[  0.   2.   0. 512.]
----------
Turn 278: AI chose down
[0. 4. 8. 8.]
[ 0.  2.  4. 16.]
[ 0.  0.  2. 64.]
[  0.   0.   0. 512.]
----------
Turn 279: AI chose up
[0. 0. 0. 8.]
[ 0.  2.  8. 16.]
[ 0.  4.  4. 64.]
[  0.   2.   2. 512.]
----------
Turn 280: AI chose right
[0. 2. 8. 8.]
[ 0.  4.  4. 16.]
[ 0.  2.  2. 64.]
[  0.   2.   0. 512.]
----------
Turn 281: AI chose right
[ 0.  0.  2. 16.]
[ 0.  0.  8. 16.]
[ 0.  0.  4. 64.]
[  2.   0.   2. 512.]
----------
Turn 282: AI chose down
[ 0.  0.  2. 16.]
[ 0.  4.  8. 16.]
[ 0.  0.  4. 64.]
[  0.   0.   4. 512.]
----------
Turn 283: AI chose down
[0. 0. 0. 0.]
[ 2.  0.  2. 32.]
[ 0.  0.  8. 64.]
[  0.   4.   8. 512.]
----------
Turn 284: AI chose down
[0. 0. 0. 0.]
[ 0.  2.  0. 32.]
[ 0.  0.  2. 64.]
[  2.   4.  16. 512.]
----------
Turn 285: AI chose down
[0. 0. 0. 0.]
[ 0.  2.  0. 32.]
[ 0.  2.  2. 64.]
[  2.   4.  16. 512.]
----------
Turn 286: AI chose down
[0. 0. 0. 2.]
[ 0.  0.  0. 32.]
[ 0.  4.  2. 64.]
[  2.   4.  16. 512.]
----------
Turn 287: AI chose right
[0. 0. 0. 2.]
[ 2.  0.  0. 32.]
[ 0.  0.  2. 64.]
[  2.   8.  16. 512.]
----------
Turn 288: AI chose right
[2. 0. 0. 2.]
[ 0.  0.  2. 32.]
[ 0.  0.  2. 64.]
[  2.   8.  16. 512.]
----------
Turn 289: AI chose down
[0. 0. 0. 4.]
[ 0.  2.  2. 32.]
[ 0.  0.  2. 64.]
[  2.   8.  16. 512.]
----------
Turn 290: AI chose down
[0. 0. 2. 4.]
[ 0.  0.  0. 32.]
[ 0.  2.  4. 64.]
[  2.   8.  16. 512.]
----------
Turn 291: AI chose down
[0. 0. 0. 4.]
[ 0.  0.  2. 32.]
[ 2.  2.  4. 64.]
[  2.   8.  16. 512.]
----------
Turn 292: AI chose up
[0. 0. 0. 4.]
[ 0.  4.  2. 32.]
[ 0.  2.  4. 64.]
[  4.   8.  16. 512.]
----------
Turn 293: AI chose down
[4. 4. 2. 4.]
[ 0.  2.  4. 32.]
[ 0.  8. 16. 64.]
[  0.   2.   0. 512.]
----------
Turn 294: AI chose right
[0. 4. 0. 4.]
[ 0.  2.  2. 32.]
[ 2.  8.  4. 64.]
[  4.   2.  16. 512.]
----------
Turn 295: AI chose up
[0. 0. 0. 8.]
[ 2.  0.  4. 32.]
[ 2.  8.  4. 64.]
[  4.   2.  16. 512.]
----------
Turn 296: AI chose up
[4. 8. 8. 8.]
[ 4.  2. 16. 32.]
[ 0.  0.  0. 64.]
[  0.   2.   0. 512.]
----------
Turn 297: AI chose up
[8. 8. 8. 8.]
[ 0.  4. 16. 32.]
[ 0.  0.  0. 64.]
[  0.   0.   2. 512.]
----------
Turn 298: AI chose up
[8. 8. 8. 8.]
[ 0.  4. 16. 32.]
[ 0.  0.  2. 64.]
[  0.   2.   0. 512.]
----------
Turn 299: AI chose up
[8. 8. 8. 8.]
[ 0.  4. 16. 32.]
[ 0.  2.  2. 64.]
[  2.   0.   0. 512.]
----------
Turn 300: AI chose right
[8. 8. 8. 8.]
[ 2.  4. 16. 32.]
[ 0.  2.  2. 64.]
[  2.   0.   0. 512.]
----------
Turn 301: AI chose down
[ 0.  0. 16. 16.]
[ 2.  4. 16. 32.]
[ 0.  0.  4. 64.]
[  0.   2.   2. 512.]
----------
Turn 302: AI chose down
[ 2.  0.  0. 16.]
[ 0.  0. 32. 32.]
[ 0.  4.  4. 64.]
[  2.   2.   2. 512.]
----------
Turn 303: AI chose right
[ 0.  0.  0. 16.]
[ 0.  2. 32. 32.]
[ 0.  4.  4. 64.]
[  4.   2.   2. 512.]
----------
Turn 304: AI chose down
[ 0.  2.  0. 16.]
[ 0.  0.  2. 64.]
[ 0.  0.  8. 64.]
[  0.   4.   4. 512.]
----------
Turn 305: AI chose down
[0. 0. 0. 0.]
[ 0.  0.  2. 16.]
[  2.   2.   8. 128.]
[  0.   4.   4. 512.]
----------
Turn 306: AI chose right
[0. 0. 0. 2.]
[ 0.  0.  2. 16.]
[  0.   2.   8. 128.]
[  2.   4.   4. 512.]
----------
Turn 307: AI chose up
[0. 0. 0. 2.]
[ 2.  0.  2. 16.]
[  0.   2.   8. 128.]
[  0.   2.   8. 512.]
----------
Turn 308: AI chose right
[2. 4. 2. 2.]
[ 0.  0. 16. 16.]
[  2.   0.   0. 128.]
[  0.   0.   0. 512.]
----------
Turn 309: AI chose down
[0. 2. 4. 4.]
[ 0.  0.  0. 32.]
[  2.   0.   2. 128.]
[  0.   0.   0. 512.]
----------
Turn 310: AI chose up
[0. 0. 0. 4.]
[ 0.  0.  0. 32.]
[  0.   2.   4. 128.]
[  2.   2.   2. 512.]
----------
Turn 311: AI chose up
[2. 4. 4. 4.]
[ 0.  0.  2. 32.]
[  0.   2.   0. 128.]
[  0.   0.   0. 512.]
----------
Turn 312: AI chose right
[2. 4. 4. 4.]
[ 0.  2.  2. 32.]
[  0.   2.   0. 128.]
[  0.   0.   0. 512.]
----------
Turn 313: AI chose right
[0. 2. 4. 8.]
[ 0.  0.  4. 32.]
[  0.   0.   2. 128.]
[  2.   0.   0. 512.]
----------
Turn 314: AI chose up
[0. 2. 4. 8.]
[ 0.  0.  4. 32.]
[  0.   0.   2. 128.]
[  2.   0.   2. 512.]
----------
Turn 315: AI chose up
[2. 2. 8. 8.]
[ 0.  2.  4. 32.]
[  0.   0.   0. 128.]
[  0.   0.   0. 512.]
----------
Turn 316: AI chose right
[2. 4. 8. 8.]
[ 0.  2.  4. 32.]
[  0.   0.   0. 128.]
[  0.   0.   0. 512.]
----------
Turn 317: AI chose down
[ 0.  2.  4. 16.]
[ 2.  2.  4. 32.]
[  0.   0.   0. 128.]
[  0.   0.   0. 512.]
----------
Turn 318: AI chose up
[ 2.  0.  0. 16.]
[ 0.  0.  0. 32.]
[  0.   0.   0. 128.]
[  2.   4.   8. 512.]
----------
Turn 319: AI chose right
[ 4.  4.  8. 16.]
[ 0.  0.  0. 32.]
[  0.   2.   0. 128.]
[  0.   0.   0. 512.]
----------
Turn 320: AI chose up
[ 0.  8.  8. 16.]
[ 0.  0.  0. 32.]
[  0.   2.   2. 128.]
[  0.   0.   0. 512.]
----------
Turn 321: AI chose right
[ 0.  8.  8. 16.]
[ 0.  2.  2. 32.]
[  0.   0.   2. 128.]
[  0.   0.   0. 512.]
----------
Turn 322: AI chose up
[ 0.  0. 16. 16.]
[ 2.  0.  4. 32.]
[  0.   0.   2. 128.]
[  0.   0.   0. 512.]
----------
Turn 323: AI chose up
[ 2.  0. 16. 16.]
[ 0.  0.  4. 32.]
[  0.   0.   2. 128.]
[  0.   4.   0. 512.]
----------
Turn 324: AI chose up
[ 2.  4. 16. 16.]
[ 2.  0.  4. 32.]
[  0.   0.   2. 128.]
[  0.   0.   0. 512.]
----------
Turn 325: AI chose up
[ 4.  4. 16. 16.]
[ 0.  0.  4. 32.]
[  2.   0.   2. 128.]
[  0.   0.   0. 512.]
----------
Turn 326: AI chose right
[ 4.  4. 16. 16.]
[ 2.  0.  4. 32.]
[  2.   0.   2. 128.]
[  0.   0.   0. 512.]
----------
Turn 327: AI chose down
[ 0.  0.  8. 32.]
[ 0.  2.  4. 32.]
[  0.   0.   4. 128.]
[  0.   0.   2. 512.]
----------
Turn 328: AI chose right
[0. 0. 0. 0.]
[ 0.  0.  8. 64.]
[  0.   0.   8. 128.]
[  2.   2.   2. 512.]
----------
Turn 329: AI chose right
[0. 0. 0. 0.]
[ 0.  0.  8. 64.]
[  0.   0.   8. 128.]
[  2.   2.   4. 512.]
----------
Turn 330: AI chose right
[0. 0. 2. 0.]
[ 0.  0.  8. 64.]
[  0.   0.   8. 128.]
[  0.   4.   4. 512.]
----------
Turn 331: AI chose down
[0. 0. 0. 2.]
[ 0.  0.  8. 64.]
[  0.   0.   8. 128.]
[  0.   2.   8. 512.]
----------
Turn 332: AI chose right
[0. 0. 0. 2.]
[ 0.  0.  0. 64.]
[  0.   0.   8. 128.]
[  2.   2.  16. 512.]
----------
Turn 333: AI chose down
[0. 0. 0. 2.]
[ 0.  0.  0. 64.]
[  2.   0.   8. 128.]
[  0.   4.  16. 512.]
----------
Turn 334: AI chose right
[0. 0. 0. 2.]
[ 2.  0.  0. 64.]
[  0.   0.   8. 128.]
[  2.   4.  16. 512.]
----------
Turn 335: AI chose right
[0. 0. 0. 2.]
[ 0.  0.  2. 64.]
[  4.   0.   8. 128.]
[  2.   4.  16. 512.]
----------
Turn 336: AI chose right
[0. 0. 0. 2.]
[ 2.  0.  2. 64.]
[  0.   4.   8. 128.]
[  2.   4.  16. 512.]
----------
Turn 337: AI chose down
[0. 0. 0. 2.]
[ 0.  2.  4. 64.]
[  0.   4.   8. 128.]
[  2.   4.  16. 512.]
----------
Turn 338: AI chose right
[0. 0. 0. 2.]
[ 2.  0.  4. 64.]
[  0.   2.   8. 128.]
[  2.   8.  16. 512.]
----------
Turn 339: AI chose down
[0. 4. 0. 2.]
[ 0.  2.  4. 64.]
[  0.   2.   8. 128.]
[  2.   8.  16. 512.]
----------
Turn 340: AI chose down
[0. 0. 0. 2.]
[ 0.  4.  4. 64.]
[  2.   4.   8. 128.]
[  2.   8.  16. 512.]
----------
Turn 341: AI chose right
[0. 0. 0. 2.]
[ 0.  0.  4. 64.]
[  2.   8.   8. 128.]
[  4.   8.  16. 512.]
----------
Turn 342: AI chose down
[0. 0. 2. 2.]
[ 0.  0.  4. 64.]
[  0.   2.  16. 128.]
[  4.   8.  16. 512.]
----------
Turn 343: AI chose down
[2. 0. 0. 2.]
[ 0.  0.  2. 64.]
[  0.   2.   4. 128.]
[  4.   8.  32. 512.]
----------
Turn 344: AI chose down
[0. 0. 2. 2.]
[ 0.  0.  2. 64.]
[  2.   2.   4. 128.]
[  4.   8.  32. 512.]
----------
Turn 345: AI chose down
[0. 0. 2. 2.]
[ 0.  0.  4. 64.]
[  2.   2.   4. 128.]
[  4.   8.  32. 512.]
----------
Turn 346: AI chose down
[0. 0. 0. 2.]
[ 2.  0.  2. 64.]
[  2.   2.   8. 128.]
[  4.   8.  32. 512.]
----------
Turn 347: AI chose right
[2. 0. 0. 2.]
[ 0.  0.  2. 64.]
[  4.   2.   8. 128.]
[  4.   8.  32. 512.]
----------
Turn 348: AI chose right
[0. 0. 0. 4.]
[ 0.  2.  2. 64.]
[  4.   2.   8. 128.]
[  4.   8.  32. 512.]
----------
Turn 349: AI chose right
[0. 0. 0. 4.]
[ 2.  0.  4. 64.]
[  4.   2.   8. 128.]
[  4.   8.  32. 512.]
----------
Turn 350: AI chose left
[0. 0. 0. 4.]
[ 4.  2.  4. 64.]
[  4.   2.   8. 128.]
[  4.   8.  32. 512.]
----------
Turn 351: AI chose right
[4. 0. 0. 2.]
[ 4.  2.  4. 64.]
[  4.   2.   8. 128.]
[  4.   8.  32. 512.]
----------
Turn 352: AI chose left
[0. 2. 4. 2.]
[ 4.  2.  4. 64.]
[  4.   2.   8. 128.]
[  4.   8.  32. 512.]
----------
Turn 353: AI chose down
[2. 4. 2. 4.]
[ 4.  2.  4. 64.]
[  4.   2.   8. 128.]
[  4.   8.  32. 512.]
----------
Turn 354: AI chose down
[2. 0. 2. 4.]
[ 2.  4.  4. 64.]
[  4.   4.   8. 128.]
[  8.   8.  32. 512.]
----------
Turn 355: AI chose down
[0. 2. 2. 4.]
[ 4.  0.  4. 64.]
[  4.   8.   8. 128.]
[  8.   8.  32. 512.]
----------
Turn 356: AI chose right
[0. 0. 2. 4.]
[ 2.  0.  4. 64.]
[  8.   2.   8. 128.]
[  8.  16.  32. 512.]
----------
Turn 357: AI chose right
[0. 0. 2. 4.]
[ 2.  2.  4. 64.]
[  8.   2.   8. 128.]
[  8.  16.  32. 512.]
----------
Turn 358: AI chose right
[0. 0. 2. 4.]
[ 2.  4.  4. 64.]
[  8.   2.   8. 128.]
[  8.  16.  32. 512.]
----------
Turn 359: AI chose down
[2. 0. 2. 4.]
[ 0.  2.  8. 64.]
[  8.   2.   8. 128.]
[  8.  16.  32. 512.]
----------
Turn 360: AI chose down
[0. 0. 0. 4.]
[ 2.  0.  2. 64.]
[  2.   4.  16. 128.]
[ 16.  16.  32. 512.]
----------
Turn 361: AI chose down
[0. 2. 0. 4.]
[ 0.  0.  2. 64.]
[  4.   4.  16. 128.]
[ 16.  16.  32. 512.]
----------
Turn 362: AI chose down
[0. 2. 0. 4.]
[ 0.  2.  2. 64.]
[  4.   4.  16. 128.]
[ 16.  16.  32. 512.]
----------
Turn 363: AI chose down
[0. 2. 0. 4.]
[ 0.  4.  2. 64.]
[  4.   4.  16. 128.]
[ 16.  16.  32. 512.]
----------
Turn 364: AI chose down
[2. 0. 0. 4.]
[ 0.  2.  2. 64.]
[  4.   8.  16. 128.]
[ 16.  16.  32. 512.]
----------
Turn 365: AI chose down
[0. 0. 2. 4.]
[ 2.  2.  2. 64.]
[  4.   8.  16. 128.]
[ 16.  16.  32. 512.]
----------
Turn 366: AI chose right
[0. 2. 0. 4.]
[ 2.  2.  4. 64.]
[  4.   8.  16. 128.]
[ 16.  16.  32. 512.]
----------
Turn 367: AI chose up
[0. 2. 2. 4.]
[ 0.  4.  4. 64.]
[  4.   8.  16. 128.]
[  0.  32.  32. 512.]
----------
Turn 368: AI chose down
[4. 2. 2. 4.]
[ 0.  4.  4. 64.]
[  0.   8.  16. 128.]
[  2.  32.  32. 512.]
----------
Turn 369: AI chose right
[2. 2. 2. 4.]
[ 0.  4.  4. 64.]
[  4.   8.  16. 128.]
[  2.  32.  32. 512.]
----------
Turn 370: AI chose up
[0. 2. 4. 4.]
[ 2.  0.  8. 64.]
[  4.   8.  16. 128.]
[  0.   2.  64. 512.]
----------
Turn 371: AI chose down
[2. 2. 4. 4.]
[ 4.  8.  8. 64.]
[  2.   2.  16. 128.]
[  0.   0.  64. 512.]
----------
Turn 372: AI chose up
[0. 2. 4. 4.]
[ 2.  2.  8. 64.]
[  4.   8.  16. 128.]
[  2.   2.  64. 512.]
----------
Turn 373: AI chose up
[2. 4. 4. 4.]
[ 4.  8.  8. 64.]
[  2.   2.  16. 128.]
[  2.   0.  64. 512.]
----------
Turn 374: AI chose right
[2. 4. 4. 4.]
[ 4.  8.  8. 64.]
[  4.   2.  16. 128.]
[  4.   0.  64. 512.]
----------
Turn 375: AI chose down
[2. 2. 4. 8.]
[ 0.  4. 16. 64.]
[  4.   2.  16. 128.]
[  0.   4.  64. 512.]
----------
Turn 376: AI chose up
[0. 2. 2. 8.]
[ 0.  4.  4. 64.]
[  2.   2.  32. 128.]
[  4.   4.  64. 512.]
----------
Turn 377: AI chose down
[2. 2. 2. 8.]
[ 4.  4.  4. 64.]
[  0.   2.  32. 128.]
[  2.   4.  64. 512.]
----------
Turn 378: AI chose up
[2. 2. 2. 8.]
[ 2.  4.  4. 64.]
[  4.   2.  32. 128.]
[  2.   4.  64. 512.]
----------
Turn 379: AI chose right
[4. 2. 2. 8.]
[ 4.  4.  4. 64.]
[  2.   2.  32. 128.]
[  2.   4.  64. 512.]
----------
Turn 380: AI chose right
[0. 4. 4. 8.]
[ 2.  4.  8. 64.]
[  0.   4.  32. 128.]
[  2.   4.  64. 512.]
----------
Turn 381: AI chose right
[0. 2. 8. 8.]
[ 2.  4.  8. 64.]
[  0.   4.  32. 128.]
[  2.   4.  64. 512.]
----------
Turn 382: AI chose down
[ 0.  0.  2. 16.]
[ 2.  4.  8. 64.]
[  2.   4.  32. 128.]
[  2.   4.  64. 512.]
----------
Turn 383: AI chose down
[ 2.  0.  2. 16.]
[ 0.  0.  8. 64.]
[  2.   4.  32. 128.]
[  4.   8.  64. 512.]
----------
Turn 384: AI chose down
[ 0.  0.  2. 16.]
[ 2.  0.  8. 64.]
[  4.   4.  32. 128.]
[  4.   8.  64. 512.]
----------
Turn 385: AI chose down
[ 0.  2.  2. 16.]
[ 0.  0.  8. 64.]
[  2.   4.  32. 128.]
[  8.   8.  64. 512.]
----------
Turn 386: AI chose down
[ 2.  0.  2. 16.]
[ 0.  2.  8. 64.]
[  2.   4.  32. 128.]
[  8.   8.  64. 512.]
----------
Turn 387: AI chose right
[ 4.  0.  2. 16.]
[ 0.  2.  8. 64.]
[  4.   4.  32. 128.]
[  8.   8.  64. 512.]
----------
Turn 388: AI chose right
[ 0.  4.  2. 16.]
[ 2.  2.  8. 64.]
[  0.   8.  32. 128.]
[  0.  16.  64. 512.]
----------
Turn 389: AI chose down
[ 0.  4.  2. 16.]
[ 0.  4.  8. 64.]
[  0.   8.  32. 128.]
[  2.  16.  64. 512.]
----------
Turn 390: AI chose down
[ 2.  0.  2. 16.]
[ 0.  8.  8. 64.]
[  0.   8.  32. 128.]
[  2.  16.  64. 512.]
----------
Turn 391: AI chose right
[ 0.  2.  2. 16.]
[ 0.  0.  8. 64.]
[  0.  16.  32. 128.]
[  4.  16.  64. 512.]
----------
Turn 392: AI chose up
[ 0.  0.  4. 16.]
[ 2.  0.  8. 64.]
[  0.  16.  32. 128.]
[  4.  16.  64. 512.]
----------
Turn 393: AI chose up
[ 2. 32.  4. 16.]
[ 4.  0.  8. 64.]
[  0.   2.  32. 128.]
[  0.   0.  64. 512.]
----------
Turn 394: AI chose down
[ 2. 32.  4. 16.]
[ 4.  2.  8. 64.]
[  0.   4.  32. 128.]
[  0.   0.  64. 512.]
----------
Turn 395: AI chose up
[ 0.  2.  4. 16.]
[ 0. 32.  8. 64.]
[  2.   2.  32. 128.]
[  4.   4.  64. 512.]
----------
Turn 396: AI chose right
[ 2.  2.  4. 16.]
[ 4. 32.  8. 64.]
[  2.   2.  32. 128.]
[  0.   4.  64. 512.]
----------
Turn 397: AI chose right
[ 0.  4.  4. 16.]
[ 4. 32.  8. 64.]
[  0.   4.  32. 128.]
[  2.   4.  64. 512.]
----------
Turn 398: AI chose right
[ 4.  0.  8. 16.]
[ 4. 32.  8. 64.]
[  0.   4.  32. 128.]
[  2.   4.  64. 512.]
----------
Turn 399: AI chose down
[ 4.  4.  8. 16.]
[ 4. 32.  8. 64.]
[  0.   4.  32. 128.]
[  2.   4.  64. 512.]
----------
Turn 400: AI chose down
[ 2.  0.  0. 16.]
[ 0.  4. 16. 64.]
[  8.  32.  32. 128.]
[  2.   8.  64. 512.]
----------
Turn 401: AI chose down
[ 2.  0.  0. 16.]
[ 2.  4. 16. 64.]
[  8.  32.  32. 128.]
[  2.   8.  64. 512.]
----------
Turn 402: AI chose down
[ 0.  4.  0. 16.]
[ 4.  4. 16. 64.]
[  8.  32.  32. 128.]
[  2.   8.  64. 512.]
----------
Turn 403: AI chose right
[ 2.  0.  0. 16.]
[ 4.  8. 16. 64.]
[  8.  32.  32. 128.]
[  2.   8.  64. 512.]
----------
Turn 404: AI chose left
[ 0.  0.  2. 16.]
[ 4.  8. 16. 64.]
[  2.   8.  64. 128.]
[  2.   8.  64. 512.]
----------
Turn 405: AI chose right
[ 2. 16.  0.  2.]
[ 4.  8. 16. 64.]
[  2.   8.  64. 128.]
[  2.   8.  64. 512.]
----------
Turn 406: AI chose right
[ 2.  2. 16.  2.]
[ 4.  8. 16. 64.]
[  2.   8.  64. 128.]
[  2.   8.  64. 512.]
----------
Turn 407: AI chose down
[ 2.  4. 16.  2.]
[ 4.  8. 16. 64.]
[  2.   8.  64. 128.]
[  2.   8.  64. 512.]
----------
Turn 408: AI chose right
[0. 0. 2. 2.]
[ 2.  4.  0. 64.]
[  4.   8.  32. 128.]
[  4.  16. 128. 512.]
----------
Turn 409: AI chose right
[0. 0. 0. 4.]
[ 2.  2.  4. 64.]
[  4.   8.  32. 128.]
[  4.  16. 128. 512.]
----------
Turn 410: AI chose right
[0. 0. 0. 4.]
[ 2.  4.  4. 64.]
[  4.   8.  32. 128.]
[  4.  16. 128. 512.]
----------
Turn 411: AI chose left
[0. 0. 0. 4.]
[ 4.  2.  8. 64.]
[  4.   8.  32. 128.]
[  4.  16. 128. 512.]
----------
Turn 412: AI chose left
[4. 0. 2. 0.]
[ 4.  2.  8. 64.]
[  4.   8.  32. 128.]
[  4.  16. 128. 512.]
----------
Turn 413: AI chose down
[4. 2. 0. 2.]
[ 4.  2.  8. 64.]
[  4.   8.  32. 128.]
[  4.  16. 128. 512.]
----------
Turn 414: AI chose right
[0. 0. 0. 2.]
[ 2.  4.  8. 64.]
[  8.   8.  32. 128.]
[  8.  16. 128. 512.]
----------
Turn 415: AI chose right
[2. 0. 0. 2.]
[ 2.  4.  8. 64.]
[  0.  16.  32. 128.]
[  8.  16. 128. 512.]
----------
Turn 416: AI chose down
[0. 0. 2. 4.]
[ 2.  4.  8. 64.]
[  0.  16.  32. 128.]
[  8.  16. 128. 512.]
----------
Turn 417: AI chose right
[2. 0. 2. 4.]
[ 0.  0.  8. 64.]
[  2.   4.  32. 128.]
[  8.  32. 128. 512.]
----------
Turn 418: AI chose right
[2. 0. 4. 4.]
[ 0.  0.  8. 64.]
[  2.   4.  32. 128.]
[  8.  32. 128. 512.]
----------
Turn 419: AI chose right
[2. 0. 2. 8.]
[ 0.  0.  8. 64.]
[  2.   4.  32. 128.]
[  8.  32. 128. 512.]
----------
Turn 420: AI chose right
[2. 0. 4. 8.]
[ 0.  0.  8. 64.]
[  2.   4.  32. 128.]
[  8.  32. 128. 512.]
----------
Turn 421: AI chose down
[0. 2. 4. 8.]
[ 0.  2.  8. 64.]
[  2.   4.  32. 128.]
[  8.  32. 128. 512.]
----------
Turn 422: AI chose left
[0. 0. 4. 8.]
[ 2.  4.  8. 64.]
[  2.   4.  32. 128.]
[  8.  32. 128. 512.]
----------
Turn 423: AI chose down
[4. 8. 2. 0.]
[ 2.  4.  8. 64.]
[  2.   4.  32. 128.]
[  8.  32. 128. 512.]
----------
Turn 424: AI chose down
[2. 0. 2. 0.]
[ 4.  8.  8. 64.]
[  4.   8.  32. 128.]
[  8.  32. 128. 512.]
----------
Turn 425: AI chose right
[2. 0. 2. 0.]
[ 2.  0.  8. 64.]
[  8.  16.  32. 128.]
[  8.  32. 128. 512.]
----------
Turn 426: AI chose left
[0. 0. 0. 4.]
[ 4.  2.  8. 64.]
[  8.  16.  32. 128.]
[  8.  32. 128. 512.]
----------
Turn 427: AI chose right
[4. 2. 0. 0.]
[ 4.  2.  8. 64.]
[  8.  16.  32. 128.]
[  8.  32. 128. 512.]
----------
Turn 428: AI chose left
[2. 0. 4. 2.]
[ 4.  2.  8. 64.]
[  8.  16.  32. 128.]
[  8.  32. 128. 512.]
----------
Turn 429: AI chose up
[2. 4. 2. 2.]
[ 4.  2.  8. 64.]
[  8.  16.  32. 128.]
[  8.  32. 128. 512.]
----------
Turn 430: AI chose right
[2. 4. 2. 2.]
[ 4.  2.  8. 64.]
[ 16.  16.  32. 128.]
[  2.  32. 128. 512.]
----------
Turn 431: AI chose right
[2. 2. 4. 4.]
[ 4.  2.  8. 64.]
[  0.  32.  32. 128.]
[  2.  32. 128. 512.]
----------
Turn 432: AI chose down
[0. 0. 4. 8.]
[ 4.  2.  8. 64.]
[  0.   2.  64. 128.]
[  2.  32. 128. 512.]
----------
Turn 433: AI chose down
[2. 0. 4. 8.]
[ 0.  0.  8. 64.]
[  4.   4.  64. 128.]
[  2.  32. 128. 512.]
----------
Turn 434: AI chose right
[2. 0. 4. 8.]
[ 2.  0.  8. 64.]
[  4.   4.  64. 128.]
[  2.  32. 128. 512.]
----------
Turn 435: AI chose right
[2. 2. 4. 8.]
[ 0.  2.  8. 64.]
[  0.   8.  64. 128.]
[  2.  32. 128. 512.]
----------
Turn 436: AI chose up
[0. 4. 4. 8.]
[ 0.  2.  8. 64.]
[  4.   8.  64. 128.]
[  2.  32. 128. 512.]
----------
Turn 437: AI chose right
[4. 4. 4. 8.]
[ 2.  2.  8. 64.]
[  0.   8.  64. 128.]
[  4.  32. 128. 512.]
----------
Turn 438: AI chose right
[2. 4. 8. 8.]
[ 0.  4.  8. 64.]
[  0.   8.  64. 128.]
[  4.  32. 128. 512.]
----------
Turn 439: AI chose up
[ 0.  2.  4. 16.]
[ 0.  4.  8. 64.]
[  2.   8.  64. 128.]
[  4.  32. 128. 512.]
----------
Turn 440: AI chose right
[ 2.  2.  4. 16.]
[ 4.  4.  8. 64.]
[  2.   8.  64. 128.]
[  0.  32. 128. 512.]
----------
Turn 441: AI chose right
[ 2.  4.  4. 16.]
[ 0.  8.  8. 64.]
[  2.   8.  64. 128.]
[  0.  32. 128. 512.]
----------
Turn 442: AI chose down
[ 0.  2.  8. 16.]
[ 0.  0. 16. 64.]
[  2.   8.  64. 128.]
[  2.  32. 128. 512.]
----------
Turn 443: AI chose up
[ 0.  0.  8. 16.]
[ 0.  2. 16. 64.]
[  2.   8.  64. 128.]
[  4.  32. 128. 512.]
----------
Turn 444: AI chose down
[ 2.  2.  8. 16.]
[ 4.  8. 16. 64.]
[  2.  32.  64. 128.]
[  0.   0. 128. 512.]
----------
Turn 445: AI chose right
[ 2.  0.  8. 16.]
[ 2.  2. 16. 64.]
[  4.   8.  64. 128.]
[  2.  32. 128. 512.]
----------
Turn 446: AI chose up
[ 0.  2.  8. 16.]
[ 2.  4. 16. 64.]
[  4.   8.  64. 128.]
[  2.  32. 128. 512.]
----------
Turn 447: AI chose right
[ 2.  2.  8. 16.]
[ 4.  4. 16. 64.]
[  2.   8.  64. 128.]
[  2.  32. 128. 512.]
----------
Turn 448: AI chose down
[ 0.  4.  8. 16.]
[ 4.  8. 16. 64.]
[  2.   8.  64. 128.]
[  2.  32. 128. 512.]
----------
Turn 449: AI chose down
[ 0.  0.  8. 16.]
[ 2.  4. 16. 64.]
[  4.  16.  64. 128.]
[  4.  32. 128. 512.]
----------
Turn 450: AI chose down
[ 0.  0.  8. 16.]
[ 2.  4. 16. 64.]
[  2.  16.  64. 128.]
[  8.  32. 128. 512.]
----------
Turn 451: AI chose up
[ 0.  2.  8. 16.]
[ 0.  4. 16. 64.]
[  4.  16.  64. 128.]
[  8.  32. 128. 512.]
----------
Turn 452: AI chose down
[ 4.  2.  8. 16.]
[ 8.  4. 16. 64.]
[  2.  16.  64. 128.]
[  0.  32. 128. 512.]
----------
Turn 453: AI chose right
[ 2.  2.  8. 16.]
[ 4.  4. 16. 64.]
[  8.  16.  64. 128.]
[  2.  32. 128. 512.]
----------
Turn 454: AI chose up
[ 0.  4.  8. 16.]
[ 2.  8. 16. 64.]
[  8.  16.  64. 128.]
[  2.  32. 128. 512.]
----------
Turn 455: AI chose down
[ 2.  4.  8. 16.]
[ 8.  8. 16. 64.]
[  2.  16.  64. 128.]
[  2.  32. 128. 512.]
----------
Turn 456: AI chose up
[ 2.  4.  8. 16.]
[ 2.  8. 16. 64.]
[  8.  16.  64. 128.]
[  4.  32. 128. 512.]
----------
Turn 457: AI chose right
[ 4.  4.  8. 16.]
[ 8.  8. 16. 64.]
[  4.  16.  64. 128.]
[  2.  32. 128. 512.]
----------
Turn 458: AI chose right
[ 2.  8.  8. 16.]
[ 0. 16. 16. 64.]
[  4.  16.  64. 128.]
[  2.  32. 128. 512.]
----------
Turn 459: AI chose down
[ 0.  2. 16. 16.]
[ 2.  0. 32. 64.]
[  4.  16.  64. 128.]
[  2.  32. 128. 512.]
----------
Turn 460: AI chose down
[ 2.  0. 16. 16.]
[ 2.  2. 32. 64.]
[  4.  16.  64. 128.]
[  2.  32. 128. 512.]
----------
Turn 461: AI chose left
[ 2.  0. 16. 16.]
[ 4.  2. 32. 64.]
[  4.  16.  64. 128.]
[  2.  32. 128. 512.]
----------
Turn 462: AI chose right
[ 2. 32.  0.  2.]
[ 4.  2. 32. 64.]
[  4.  16.  64. 128.]
[  2.  32. 128. 512.]
----------
Turn 463: AI chose right
[ 2.  2. 32.  2.]
[ 4.  2. 32. 64.]
[  4.  16.  64. 128.]
[  2.  32. 128. 512.]
----------
Turn 464: AI chose down
[ 2.  4. 32.  2.]
[ 4.  2. 32. 64.]
[  4.  16.  64. 128.]
[  2.  32. 128. 512.]
----------
Turn 465: AI chose right
[0. 4. 2. 2.]
[ 2.  2. 64. 64.]
[  8.  16.  64. 128.]
[  2.  32. 128. 512.]
----------
Turn 466: AI chose right
[0. 2. 4. 4.]
[  0.   0.   4. 128.]
[  8.  16.  64. 128.]
[  2.  32. 128. 512.]
----------
Turn 467: AI chose right
[0. 2. 2. 8.]
[  0.   0.   4. 128.]
[  8.  16.  64. 128.]
[  2.  32. 128. 512.]
----------
Turn 468: AI chose down
[0. 2. 4. 8.]
[  0.   0.   4. 128.]
[  8.  16.  64. 128.]
[  2.  32. 128. 512.]
----------
Turn 469: AI chose left
[4. 0. 0. 0.]
[0. 2. 8. 8.]
[  8.  16.  64. 256.]
[  2.  32. 128. 512.]
----------
Turn 470: AI chose down
[4. 0. 0. 0.]
[ 2. 16.  2.  0.]
[  8.  16.  64. 256.]
[  2.  32. 128. 512.]
----------
Turn 471: AI chose left
[4. 2. 0. 0.]
[2. 0. 2. 0.]
[  8.  32.  64. 256.]
[  2.  32. 128. 512.]
----------
Turn 472: AI chose left
[4. 2. 0. 0.]
[4. 0. 2. 0.]
[  8.  32.  64. 256.]
[  2.  32. 128. 512.]
----------
Turn 473: AI chose left
[4. 2. 0. 2.]
[4. 2. 0. 0.]
[  8.  32.  64. 256.]
[  2.  32. 128. 512.]
----------
Turn 474: AI chose left
[4. 4. 2. 0.]
[4. 2. 0. 0.]
[  8.  32.  64. 256.]
[  2.  32. 128. 512.]
----------
Turn 475: AI chose left
[8. 2. 0. 0.]
[4. 2. 2. 0.]
[  8.  32.  64. 256.]
[  2.  32. 128. 512.]
----------
Turn 476: AI chose down
[8. 2. 0. 0.]
[4. 4. 0. 4.]
[  8.  32.  64. 256.]
[  2.  32. 128. 512.]
----------
Turn 477: AI chose left
[8. 0. 2. 0.]
[4. 2. 0. 4.]
[  8.   4.  64. 256.]
[  2.  64. 128. 512.]
----------
Turn 478: AI chose right
[8. 2. 2. 0.]
[4. 2. 4. 0.]
[  8.   4.  64. 256.]
[  2.  64. 128. 512.]
----------
Turn 479: AI chose down
[0. 2. 8. 4.]
[0. 4. 2. 4.]
[  8.   4.  64. 256.]
[  2.  64. 128. 512.]
----------
Turn 480: AI chose right
[0. 0. 8. 0.]
[2. 2. 2. 8.]
[  8.   8.  64. 256.]
[  2.  64. 128. 512.]
----------
Turn 481: AI chose right
[0. 2. 0. 8.]
[0. 2. 4. 8.]
[  0.  16.  64. 256.]
[  2.  64. 128. 512.]
----------
Turn 482: AI chose down
[0. 0. 2. 8.]
[0. 2. 4. 8.]
[  2.  16.  64. 256.]
[  2.  64. 128. 512.]
----------
Turn 483: AI chose down
[2. 0. 2. 0.]
[ 0.  2.  4. 16.]
[  0.  16.  64. 256.]
[  4.  64. 128. 512.]
----------
Turn 484: AI chose right
[0. 0. 2. 2.]
[ 0.  2.  4. 16.]
[  2.  16.  64. 256.]
[  4.  64. 128. 512.]
----------
Turn 485: AI chose right
[2. 0. 0. 4.]
[ 0.  2.  4. 16.]
[  2.  16.  64. 256.]
[  4.  64. 128. 512.]
----------
Turn 486: AI chose down
[0. 2. 2. 4.]
[ 0.  2.  4. 16.]
[  2.  16.  64. 256.]
[  4.  64. 128. 512.]
----------
Turn 487: AI chose right
[0. 4. 2. 4.]
[ 0.  4.  4. 16.]
[  2.  16.  64. 256.]
[  4.  64. 128. 512.]
----------
Turn 488: AI chose down
[2. 4. 2. 4.]
[ 0.  0.  8. 16.]
[  2.  16.  64. 256.]
[  4.  64. 128. 512.]
----------
Turn 489: AI chose up
[0. 2. 2. 4.]
[ 0.  4.  8. 16.]
[  4.  16.  64. 256.]
[  4.  64. 128. 512.]
----------
Turn 490: AI chose right
[8. 2. 2. 4.]
[ 0.  4.  8. 16.]
[  0.  16.  64. 256.]
[  2.  64. 128. 512.]
----------
Turn 491: AI chose down
[0. 8. 4. 4.]
[ 0.  4.  8. 16.]
[  2.  16.  64. 256.]
[  2.  64. 128. 512.]
----------
Turn 492: AI chose up
[2. 8. 4. 4.]
[ 0.  4.  8. 16.]
[  0.  16.  64. 256.]
[  4.  64. 128. 512.]
----------
Turn 493: AI chose down
[2. 8. 4. 4.]
[ 4.  4.  8. 16.]
[  2.  16.  64. 256.]
[  0.  64. 128. 512.]
----------
Turn 494: AI chose up
[2. 8. 4. 4.]
[ 2.  4.  8. 16.]
[  4.  16.  64. 256.]
[  2.  64. 128. 512.]
----------
Turn 495: AI chose right
[4. 8. 4. 4.]
[ 4.  4.  8. 16.]
[  2.  16.  64. 256.]
[  2.  64. 128. 512.]
----------
Turn 496: AI chose right
[0. 4. 8. 8.]
[ 2.  8.  8. 16.]
[  2.  16.  64. 256.]
[  2.  64. 128. 512.]
----------
Turn 497: AI chose right
[ 0.  2.  4. 16.]
[ 0.  2. 16. 16.]
[  2.  16.  64. 256.]
[  2.  64. 128. 512.]
----------
Turn 498: AI chose right
[ 0.  2.  4. 16.]
[ 0.  2.  2. 32.]
[  2.  16.  64. 256.]
[  2.  64. 128. 512.]
----------
Turn 499: AI chose right
[ 2.  2.  4. 16.]
[ 0.  0.  4. 32.]
[  2.  16.  64. 256.]
[  2.  64. 128. 512.]
----------
Turn 500: AI chose right
[ 0.  4.  4. 16.]
[ 2.  0.  4. 32.]
[  2.  16.  64. 256.]
[  2.  64. 128. 512.]
----------
Turn 501: AI chose right
[ 0.  0.  8. 16.]
[ 2.  2.  4. 32.]
[  2.  16.  64. 256.]
[  2.  64. 128. 512.]
----------
Turn 502: AI chose down
[ 0.  2.  8. 16.]
[ 0.  4.  4. 32.]
[  2.  16.  64. 256.]
[  2.  64. 128. 512.]
----------
Turn 503: AI chose up
[ 0.  2.  8. 16.]
[ 2.  4.  4. 32.]
[  0.  16.  64. 256.]
[  4.  64. 128. 512.]
----------
Turn 504: AI chose up
[ 2.  2.  8. 16.]
[ 4.  4.  4. 32.]
[  0.  16.  64. 256.]
[  2.  64. 128. 512.]
----------
Turn 505: AI chose up
[ 2.  2.  8. 16.]
[ 4.  4.  4. 32.]
[  2.  16.  64. 256.]
[  2.  64. 128. 512.]
----------
Turn 506: AI chose down
[ 2.  2.  8. 16.]
[ 4.  4.  4. 32.]
[  4.  16.  64. 256.]
[  2.  64. 128. 512.]
----------
Turn 507: AI chose up
[ 2.  2.  8. 16.]
[ 2.  4.  4. 32.]
[  8.  16.  64. 256.]
[  2.  64. 128. 512.]
----------
Turn 508: AI chose up
[ 4.  2.  8. 16.]
[ 8.  4.  4. 32.]
[  2.  16.  64. 256.]
[  2.  64. 128. 512.]
----------
Turn 509: AI chose right
[ 4.  2.  8. 16.]
[ 8.  4.  4. 32.]
[  4.  16.  64. 256.]
[  2.  64. 128. 512.]
----------
Turn 510: AI chose right
[ 4.  2.  8. 16.]
[ 2.  8.  8. 32.]
[  4.  16.  64. 256.]
[  2.  64. 128. 512.]
----------
Turn 511: AI chose up
[ 4.  2.  8. 16.]
[ 4.  2. 16. 32.]
[  4.  16.  64. 256.]
[  2.  64. 128. 512.]
----------
Turn 512: AI chose down
[ 8.  4.  8. 16.]
[ 4. 16. 16. 32.]
[  2.  64.  64. 256.]
[  2.   0. 128. 512.]
----------
Turn 513: AI chose up
[ 0.  2.  8. 16.]
[ 8.  4. 16. 32.]
[  4.  16.  64. 256.]
[  4.  64. 128. 512.]
----------
Turn 514: AI chose down
[ 8.  2.  8. 16.]
[ 8.  4. 16. 32.]
[  0.  16.  64. 256.]
[  2.  64. 128. 512.]
----------
Turn 515: AI chose right
[ 0.  2.  8. 16.]
[ 2.  4. 16. 32.]
[ 16.  16.  64. 256.]
[  2.  64. 128. 512.]
----------
Turn 516: AI chose down
[ 2.  2.  8. 16.]
[ 2.  4. 16. 32.]
[  0.  32.  64. 256.]
[  2.  64. 128. 512.]
----------
Turn 517: AI chose down
[ 0.  2.  8. 16.]
[ 2.  4. 16. 32.]
[  2.  32.  64. 256.]
[  4.  64. 128. 512.]
----------
Turn 518: AI chose down
[ 0.  2.  8. 16.]
[ 2.  4. 16. 32.]
[  4.  32.  64. 256.]
[  4.  64. 128. 512.]
----------
Turn 519: AI chose down
[ 0.  2.  8. 16.]
[ 2.  4. 16. 32.]
[  2.  32.  64. 256.]
[  8.  64. 128. 512.]
----------
Turn 520: AI chose left
[ 0.  2.  8. 16.]
[ 2.  4. 16. 32.]
[  4.  32.  64. 256.]
[  8.  64. 128. 512.]
----------
Turn 521: AI chose down
[ 2.  8. 16.  2.]
[ 2.  4. 16. 32.]
[  4.  32.  64. 256.]
[  8.  64. 128. 512.]
----------
Turn 522: AI chose up
[0. 8. 2. 2.]
[ 4.  4. 32. 32.]
[  4.  32.  64. 256.]
[  8.  64. 128. 512.]
----------
Turn 523: AI chose up
[8. 8. 2. 2.]
[ 8.  4. 32. 32.]
[  0.  32.  64. 256.]
[  2.  64. 128. 512.]
----------
Turn 524: AI chose up
[16.  8.  2.  2.]
[ 2.  4. 32. 32.]
[  2.  32.  64. 256.]
[  0.  64. 128. 512.]
----------
Turn 525: AI chose right
[16.  8.  2.  2.]
[ 4.  4. 32. 32.]
[  2.  32.  64. 256.]
[  0.  64. 128. 512.]
----------
Turn 526: AI chose down
[ 0. 16.  8.  4.]
[ 0.  0.  8. 64.]
[  2.  32.  64. 256.]
[  2.  64. 128. 512.]
----------
Turn 527: AI chose down
[0. 0. 0. 4.]
[ 2. 16. 16. 64.]
[  0.  32.  64. 256.]
[  4.  64. 128. 512.]
----------
Turn 528: AI chose right
[0. 0. 2. 4.]
[ 0. 16. 16. 64.]
[  2.  32.  64. 256.]
[  4.  64. 128. 512.]
----------
Turn 529: AI chose down
[0. 2. 2. 4.]
[ 0.  0. 32. 64.]
[  2.  32.  64. 256.]
[  4.  64. 128. 512.]
----------
Turn 530: AI chose left
[0. 4. 2. 4.]
[ 0.  2. 32. 64.]
[  2.  32.  64. 256.]
[  4.  64. 128. 512.]
----------
Turn 531: AI chose right
[4. 2. 4. 2.]
[ 2. 32. 64.  0.]
[  2.  32.  64. 256.]
[  4.  64. 128. 512.]
----------
Turn 532: AI chose down
[4. 2. 4. 2.]
[ 2.  2. 32. 64.]
[  2.  32.  64. 256.]
[  4.  64. 128. 512.]
----------
Turn 533: AI chose left
[0. 2. 4. 2.]
[ 4.  4. 32. 64.]
[  4.  32.  64. 256.]
[  4.  64. 128. 512.]
----------
Turn 534: AI chose right
[2. 4. 2. 2.]
[ 8. 32. 64.  0.]
[  4.  32.  64. 256.]
[  4.  64. 128. 512.]
----------
Turn 535: AI chose down
[2. 2. 4. 4.]
[ 0.  8. 32. 64.]
[  4.  32.  64. 256.]
[  4.  64. 128. 512.]
----------
Turn 536: AI chose down
[2. 2. 4. 4.]
[ 0.  8. 32. 64.]
[  2.  32.  64. 256.]
[  8.  64. 128. 512.]
----------
Turn 537: AI chose down
[2. 2. 4. 4.]
[ 0.  8. 32. 64.]
[  4.  32.  64. 256.]
[  8.  64. 128. 512.]
----------
Turn 538: AI chose down
[2. 2. 4. 4.]
[ 2.  8. 32. 64.]
[  4.  32.  64. 256.]
[  8.  64. 128. 512.]
----------
Turn 539: AI chose left
[2. 2. 4. 4.]
[ 4.  8. 32. 64.]
[  4.  32.  64. 256.]
[  8.  64. 128. 512.]
----------
Turn 540: AI chose left
[4. 8. 0. 2.]
[ 4.  8. 32. 64.]
[  4.  32.  64. 256.]
[  8.  64. 128. 512.]
----------
Turn 541: AI chose down
[4. 8. 2. 2.]
[ 4.  8. 32. 64.]
[  4.  32.  64. 256.]
[  8.  64. 128. 512.]
----------
Turn 542: AI chose up
[0. 2. 2. 2.]
[ 4. 16. 32. 64.]
[  8.  32.  64. 256.]
[  8.  64. 128. 512.]
----------
Turn 543: AI chose up
[4. 2. 2. 2.]
[16. 16. 32. 64.]
[  0.  32.  64. 256.]
[  2.  64. 128. 512.]
----------
Turn 544: AI chose up
[4. 2. 2. 2.]
[16. 16. 32. 64.]
[  2.  32.  64. 256.]
[  2.  64. 128. 512.]
----------
Turn 545: AI chose right
[4. 2. 2. 2.]
[16. 16. 32. 64.]
[  4.  32.  64. 256.]
[  2.  64. 128. 512.]
----------
Turn 546: AI chose down
[0. 4. 2. 4.]
[ 2. 32. 32. 64.]
[  4.  32.  64. 256.]
[  2.  64. 128. 512.]
----------
Turn 547: AI chose right
[0. 2. 2. 4.]
[ 2.  4. 32. 64.]
[  4.  64.  64. 256.]
[  2.  64. 128. 512.]
----------
Turn 548: AI chose right
[0. 2. 4. 4.]
[ 2.  4. 32. 64.]
[  0.   4. 128. 256.]
[  2.  64. 128. 512.]
----------
Turn 549: AI chose right
[0. 2. 2. 8.]
[ 2.  4. 32. 64.]
[  0.   4. 128. 256.]
[  2.  64. 128. 512.]
----------
Turn 550: AI chose right
[2. 0. 4. 8.]
[ 2.  4. 32. 64.]
[  0.   4. 128. 256.]
[  2.  64. 128. 512.]
----------
Turn 551: AI chose right
[2. 2. 4. 8.]
[ 2.  4. 32. 64.]
[  0.   4. 128. 256.]
[  2.  64. 128. 512.]
----------
Turn 552: AI chose right
[0. 4. 4. 8.]
[ 2.  4. 32. 64.]
[  2.   4. 128. 256.]
[  2.  64. 128. 512.]
----------
Turn 553: AI chose right
[2. 0. 8. 8.]
[ 2.  4. 32. 64.]
[  2.   4. 128. 256.]
[  2.  64. 128. 512.]
----------
Turn 554: AI chose right
[ 0.  2.  2. 16.]
[ 2.  4. 32. 64.]
[  2.   4. 128. 256.]
[  2.  64. 128. 512.]
----------
Turn 555: AI chose left
[ 0.  2.  4. 16.]
[ 2.  4. 32. 64.]
[  2.   4. 128. 256.]
[  2.  64. 128. 512.]
----------
Turn 556: AI chose down
[ 2.  4. 16.  4.]
[ 2.  4. 32. 64.]
[  2.   4. 128. 256.]
[  2.  64. 128. 512.]
----------
Turn 557: AI chose left
[0. 0. 0. 4.]
[ 2.  4. 16. 64.]
[  4.   8.  32. 256.]
[  4.  64. 256. 512.]
----------
Turn 558: AI chose right
[4. 0. 0. 2.]
[ 2.  4. 16. 64.]
[  4.   8.  32. 256.]
[  4.  64. 256. 512.]
----------
Turn 559: AI chose left
[0. 2. 4. 2.]
[ 2.  4. 16. 64.]
[  4.   8.  32. 256.]
[  4.  64. 256. 512.]
----------
Turn 560: AI chose down
[2. 4. 2. 2.]
[ 2.  4. 16. 64.]
[  4.   8.  32. 256.]
[  4.  64. 256. 512.]
----------
Turn 561: AI chose right
[0. 0. 2. 2.]
[ 2.  8. 16. 64.]
[  4.   8.  32. 256.]
[  8.  64. 256. 512.]
----------
Turn 562: AI chose left
[0. 0. 2. 4.]
[ 2.  8. 16. 64.]
[  4.   8.  32. 256.]
[  8.  64. 256. 512.]
----------
Turn 563: AI chose down
[2. 4. 2. 0.]
[ 2.  8. 16. 64.]
[  4.   8.  32. 256.]
[  8.  64. 256. 512.]
----------
Turn 564: AI chose down
[0. 0. 2. 2.]
[ 4.  4. 16. 64.]
[  4.  16.  32. 256.]
[  8.  64. 256. 512.]
----------
Turn 565: AI chose down
[2. 0. 2. 2.]
[ 0.  4. 16. 64.]
[  8.  16.  32. 256.]
[  8.  64. 256. 512.]
----------
Turn 566: AI chose left
[0. 0. 2. 2.]
[ 2.  4. 16. 64.]
[  2.  16.  32. 256.]
[ 16.  64. 256. 512.]
----------
Turn 567: AI chose right
[4. 2. 0. 0.]
[ 2.  4. 16. 64.]
[  2.  16.  32. 256.]
[ 16.  64. 256. 512.]
----------
Turn 568: AI chose down
[2. 0. 4. 2.]
[ 2.  4. 16. 64.]
[  2.  16.  32. 256.]
[ 16.  64. 256. 512.]
----------
Turn 569: AI chose up
[0. 2. 4. 2.]
[ 2.  4. 16. 64.]
[  4.  16.  32. 256.]
[ 16.  64. 256. 512.]
----------
Turn 570: AI chose right
[2. 2. 4. 2.]
[ 4.  4. 16. 64.]
[ 16.  16.  32. 256.]
[  2.  64. 256. 512.]
----------
Turn 571: AI chose down
[2. 4. 4. 2.]
[ 0.  8. 16. 64.]
[  0.  32.  32. 256.]
[  2.  64. 256. 512.]
----------
Turn 572: AI chose up
[0. 4. 4. 2.]
[ 2.  8. 16. 64.]
[  0.  32.  32. 256.]
[  4.  64. 256. 512.]
----------
Turn 573: AI chose down
[2. 4. 4. 2.]
[ 4.  8. 16. 64.]
[  0.  32.  32. 256.]
[  2.  64. 256. 512.]
----------
Turn 574: AI chose down
[2. 4. 4. 2.]
[ 2.  8. 16. 64.]
[  4.  32.  32. 256.]
[  2.  64. 256. 512.]
----------
Turn 575: AI chose up
[2. 4. 4. 2.]
[ 4.  8. 16. 64.]
[  4.  32.  32. 256.]
[  2.  64. 256. 512.]
----------
Turn 576: AI chose up
[2. 4. 4. 2.]
[ 8.  8. 16. 64.]
[  2.  32.  32. 256.]
[  2.  64. 256. 512.]
----------
Turn 577: AI chose right
[2. 4. 4. 2.]
[ 8.  8. 16. 64.]
[  4.  32.  32. 256.]
[  2.  64. 256. 512.]
----------
Turn 578: AI chose down
[0. 2. 8. 2.]
[ 2. 16. 16. 64.]
[  0.   4.  64. 256.]
[  2.  64. 256. 512.]
----------
Turn 579: AI chose right
[0. 2. 8. 2.]
[ 0. 16. 16. 64.]
[  2.   4.  64. 256.]
[  4.  64. 256. 512.]
----------
Turn 580: AI chose down
[0. 2. 8. 2.]
[ 0.  2. 32. 64.]
[  2.   4.  64. 256.]
[  4.  64. 256. 512.]
----------
Turn 581: AI chose down
[0. 2. 8. 2.]
[ 0.  4. 32. 64.]
[  2.   4.  64. 256.]
[  4.  64. 256. 512.]
----------
Turn 582: AI chose down
[0. 2. 8. 2.]
[ 0.  2. 32. 64.]
[  2.   8.  64. 256.]
[  4.  64. 256. 512.]
----------
Turn 583: AI chose left
[0. 0. 8. 2.]
[ 2.  4. 32. 64.]
[  2.   8.  64. 256.]
[  4.  64. 256. 512.]
----------
Turn 584: AI chose down
[8. 2. 2. 0.]
[ 2.  4. 32. 64.]
[  2.   8.  64. 256.]
[  4.  64. 256. 512.]
----------
Turn 585: AI chose right
[4. 2. 2. 0.]
[ 8.  4. 32. 64.]
[  4.   8.  64. 256.]
[  4.  64. 256. 512.]
----------
Turn 586: AI chose right
[0. 2. 4. 4.]
[ 8.  4. 32. 64.]
[  4.   8.  64. 256.]
[  4.  64. 256. 512.]
----------
Turn 587: AI chose right
[2. 0. 2. 8.]
[ 8.  4. 32. 64.]
[  4.   8.  64. 256.]
[  4.  64. 256. 512.]
----------
Turn 588: AI chose right
[2. 0. 4. 8.]
[ 8.  4. 32. 64.]
[  4.   8.  64. 256.]
[  4.  64. 256. 512.]
----------
Turn 589: AI chose right
[2. 2. 4. 8.]
[ 8.  4. 32. 64.]
[  4.   8.  64. 256.]
[  4.  64. 256. 512.]
----------
Turn 590: AI chose right
[2. 4. 4. 8.]
[ 8.  4. 32. 64.]
[  4.   8.  64. 256.]
[  4.  64. 256. 512.]
----------
Turn 591: AI chose right
[2. 2. 8. 8.]
[ 8.  4. 32. 64.]
[  4.   8.  64. 256.]
[  4.  64. 256. 512.]
----------
Turn 592: AI chose right
[ 2.  0.  4. 16.]
[ 8.  4. 32. 64.]
[  4.   8.  64. 256.]
[  4.  64. 256. 512.]
----------
Turn 593: AI chose right
[ 2.  2.  4. 16.]
[ 8.  4. 32. 64.]
[  4.   8.  64. 256.]
[  4.  64. 256. 512.]
----------
Turn 594: AI chose right
[ 2.  4.  4. 16.]
[ 8.  4. 32. 64.]
[  4.   8.  64. 256.]
[  4.  64. 256. 512.]
----------
Turn 595: AI chose right
[ 2.  2.  8. 16.]
[ 8.  4. 32. 64.]
[  4.   8.  64. 256.]
[  4.  64. 256. 512.]
----------
Turn 596: AI chose down
[ 2.  4.  8. 16.]
[ 8.  4. 32. 64.]
[  4.   8.  64. 256.]
[  4.  64. 256. 512.]
----------
Turn 597: AI chose up
[ 0.  2.  8. 16.]
[ 2.  8. 32. 64.]
[  8.   8.  64. 256.]
[  8.  64. 256. 512.]
----------
Turn 598: AI chose down
[ 2.  2.  8. 16.]
[16. 16. 32. 64.]
[  2.  64.  64. 256.]
[  0.   0. 256. 512.]
----------
Turn 599: AI chose right
[ 2.  0.  8. 16.]
[ 2.  2. 32. 64.]
[ 16.  16.  64. 256.]
[  2.  64. 256. 512.]
----------
Turn 600: AI chose down
[ 0.  2.  8. 16.]
[ 2.  4. 32. 64.]
[  0.  32.  64. 256.]
[  2.  64. 256. 512.]
----------
Turn 601: AI chose up
[ 2.  2.  8. 16.]
[ 0.  4. 32. 64.]
[  0.  32.  64. 256.]
[  4.  64. 256. 512.]
----------
Turn 602: AI chose right
[ 2.  2.  8. 16.]
[ 4.  4. 32. 64.]
[  0.  32.  64. 256.]
[  2.  64. 256. 512.]
----------
Turn 603: AI chose up
[ 0.  4.  8. 16.]
[ 4.  8. 32. 64.]
[  0.  32.  64. 256.]
[  2.  64. 256. 512.]
----------
Turn 604: AI chose right
[ 4.  4.  8. 16.]
[ 2.  8. 32. 64.]
[  0.  32.  64. 256.]
[  2.  64. 256. 512.]
----------
Turn 605: AI chose right
[ 2.  8.  8. 16.]
[ 2.  8. 32. 64.]
[  0.  32.  64. 256.]
[  2.  64. 256. 512.]
----------
Turn 606: AI chose left
[ 0.  2. 16. 16.]
[ 2.  8. 32. 64.]
[  2.  32.  64. 256.]
[  2.  64. 256. 512.]
----------
Turn 607: AI chose down
[ 2. 32.  0.  2.]
[ 2.  8. 32. 64.]
[  2.  32.  64. 256.]
[  2.  64. 256. 512.]
----------
Turn 608: AI chose up
[ 0. 32.  2.  2.]
[ 0.  8. 32. 64.]
[  4.  32.  64. 256.]
[  4.  64. 256. 512.]
----------
Turn 609: AI chose up
[ 8. 32.  2.  2.]
[ 0.  8. 32. 64.]
[  2.  32.  64. 256.]
[  0.  64. 256. 512.]
----------
Turn 610: AI chose up
[ 8. 32.  2.  2.]
[ 2.  8. 32. 64.]
[  2.  32.  64. 256.]
[  0.  64. 256. 512.]
----------
Turn 611: AI chose down
[ 8. 32.  2.  2.]
[ 4.  8. 32. 64.]
[  2.  32.  64. 256.]
[  0.  64. 256. 512.]
----------
Turn 612: AI chose right
[ 4. 32.  2.  2.]
[ 8.  8. 32. 64.]
[  4.  32.  64. 256.]
[  2.  64. 256. 512.]
----------
Turn 613: AI chose down
[ 2.  4. 32.  4.]
[ 0. 16. 32. 64.]
[  4.  32.  64. 256.]
[  2.  64. 256. 512.]
----------
Turn 614: AI chose right
[4. 4. 0. 4.]
[ 2. 16. 64. 64.]
[  4.  32.  64. 256.]
[  2.  64. 256. 512.]
----------
Turn 615: AI chose down
[0. 2. 4. 8.]
[  0.   2.  16. 128.]
[  4.  32.  64. 256.]
[  2.  64. 256. 512.]
----------
Turn 616: AI chose left
[0. 0. 4. 8.]
[  2.   4.  16. 128.]
[  4.  32.  64. 256.]
[  2.  64. 256. 512.]
----------
Turn 617: AI chose right
[4. 8. 2. 0.]
[  2.   4.  16. 128.]
[  4.  32.  64. 256.]
[  2.  64. 256. 512.]
----------
Turn 618: AI chose down
[2. 4. 8. 2.]
[  2.   4.  16. 128.]
[  4.  32.  64. 256.]
[  2.  64. 256. 512.]
----------
Turn 619: AI chose left
[2. 0. 8. 2.]
[  4.   8.  16. 128.]
[  4.  32.  64. 256.]
[  2.  64. 256. 512.]
----------
Turn 620: AI chose down
[2. 8. 2. 2.]
[  4.   8.  16. 128.]
[  4.  32.  64. 256.]
[  2.  64. 256. 512.]
----------
Turn 621: AI chose down
[2. 0. 2. 2.]
[  2.  16.  16. 128.]
[  8.  32.  64. 256.]
[  2.  64. 256. 512.]
----------
Turn 622: AI chose up
[0. 2. 2. 2.]
[  4.  16.  16. 128.]
[  8.  32.  64. 256.]
[  2.  64. 256. 512.]
----------
Turn 623: AI chose right
[4. 2. 2. 2.]
[  8.  16.  16. 128.]
[  2.  32.  64. 256.]
[  2.  64. 256. 512.]
----------
Turn 624: AI chose up
[0. 4. 2. 4.]
[  4.   8.  32. 128.]
[  2.  32.  64. 256.]
[  2.  64. 256. 512.]
----------
Turn 625: AI chose right
[4. 4. 2. 4.]
[  4.   8.  32. 128.]
[  0.  32.  64. 256.]
[  2.  64. 256. 512.]
----------
Turn 626: AI chose down
[0. 8. 2. 4.]
[  4.   8.  32. 128.]
[  2.  32.  64. 256.]
[  2.  64. 256. 512.]
----------
Turn 627: AI chose right
[2. 0. 2. 4.]
[  0.  16.  32. 128.]
[  4.  32.  64. 256.]
[  4.  64. 256. 512.]
----------
Turn 628: AI chose down
[0. 4. 4. 4.]
[  0.  16.  32. 128.]
[  4.  32.  64. 256.]
[  4.  64. 256. 512.]
----------
Turn 629: AI chose down
[2. 4. 4. 4.]
[  0.  16.  32. 128.]
[  0.  32.  64. 256.]
[  8.  64. 256. 512.]
----------
Turn 630: AI chose up
[2. 4. 4. 4.]
[  0.  16.  32. 128.]
[  2.  32.  64. 256.]
[  8.  64. 256. 512.]
----------
Turn 631: AI chose up
[4. 4. 4. 4.]
[  8.  16.  32. 128.]
[  0.  32.  64. 256.]
[  2.  64. 256. 512.]
----------
Turn 632: AI chose right
[4. 4. 4. 4.]
[  8.  16.  32. 128.]
[  2.  32.  64. 256.]
[  2.  64. 256. 512.]
----------
Turn 633: AI chose left
[0. 2. 8. 8.]
[  8.  16.  32. 128.]
[  2.  32.  64. 256.]
[  2.  64. 256. 512.]
----------
Turn 634: AI chose left
[ 2. 16.  0.  2.]
[  8.  16.  32. 128.]
[  2.  32.  64. 256.]
[  2.  64. 256. 512.]
----------
Turn 635: AI chose down
[ 2. 16.  2.  4.]
[  8.  16.  32. 128.]
[  2.  32.  64. 256.]
[  2.  64. 256. 512.]
----------
Turn 636: AI chose down
[0. 4. 2. 4.]
[  2.  32.  32. 128.]
[  8.  32.  64. 256.]
[  4.  64. 256. 512.]
----------
Turn 637: AI chose right
[2. 0. 2. 4.]
[  2.   4.  32. 128.]
[  8.  64.  64. 256.]
[  4.  64. 256. 512.]
----------
Turn 638: AI chose up
[0. 2. 4. 4.]
[  2.   4.  32. 128.]
[  0.   8. 128. 256.]
[  4.  64. 256. 512.]
----------
Turn 639: AI chose down
[2. 2. 4. 4.]
[  4.   4.  32. 128.]
[  2.   8. 128. 256.]
[  0.  64. 256. 512.]
----------
Turn 640: AI chose right
[2. 2. 4. 4.]
[  2.   4.  32. 128.]
[  4.   8. 128. 256.]
[  2.  64. 256. 512.]
----------
Turn 641: AI chose up
[0. 2. 4. 8.]
[  2.   4.  32. 128.]
[  4.   8. 128. 256.]
[  2.  64. 256. 512.]
----------
Turn 642: AI chose right
[2. 2. 4. 8.]
[  4.   4.  32. 128.]
[  2.   8. 128. 256.]
[  2.  64. 256. 512.]
----------
Turn 643: AI chose right
[2. 4. 4. 8.]
[  0.   8.  32. 128.]
[  2.   8. 128. 256.]
[  2.  64. 256. 512.]
----------
Turn 644: AI chose left
[0. 2. 8. 8.]
[  2.   8.  32. 128.]
[  2.   8. 128. 256.]
[  2.  64. 256. 512.]
----------
Turn 645: AI chose left
[ 2. 16.  0.  2.]
[  2.   8.  32. 128.]
[  2.   8. 128. 256.]
[  2.  64. 256. 512.]
----------
Turn 646: AI chose down
[ 2. 16.  2.  2.]
[  2.   8.  32. 128.]
[  2.   8. 128. 256.]
[  2.  64. 256. 512.]
----------
Turn 647: AI chose right
[0. 4. 2. 2.]
[  0.  16.  32. 128.]
[  4.  16. 128. 256.]
[  4.  64. 256. 512.]
----------
Turn 648: AI chose right
[2. 0. 4. 4.]
[  0.  16.  32. 128.]
[  4.  16. 128. 256.]
[  4.  64. 256. 512.]
----------
Turn 649: AI chose right
[2. 0. 2. 8.]
[  0.  16.  32. 128.]
[  4.  16. 128. 256.]
[  4.  64. 256. 512.]
----------
Turn 650: AI chose down
[0. 2. 4. 8.]
[  0.  16.  32. 128.]
[  4.  16. 128. 256.]
[  4.  64. 256. 512.]
----------
Turn 651: AI chose down
[0. 2. 4. 8.]
[  0.   2.  32. 128.]
[  0.  32. 128. 256.]
[  8.  64. 256. 512.]
----------
Turn 652: AI chose up
[0. 2. 4. 8.]
[  0.   4.  32. 128.]
[  0.  32. 128. 256.]
[  8.  64. 256. 512.]
----------
Turn 653: AI chose down
[8. 2. 4. 8.]
[  2.   4.  32. 128.]
[  0.  32. 128. 256.]
[  0.  64. 256. 512.]
----------
Turn 654: AI chose up
[0. 2. 4. 8.]
[  2.   4.  32. 128.]
[  8.  32. 128. 256.]
[  2.  64. 256. 512.]
----------
Turn 655: AI chose left
[2. 2. 4. 8.]
[  8.   4.  32. 128.]
[  2.  32. 128. 256.]
[  2.  64. 256. 512.]
----------
Turn 656: AI chose down
[4. 4. 8. 2.]
[  8.   4.  32. 128.]
[  2.  32. 128. 256.]
[  2.  64. 256. 512.]
----------
Turn 657: AI chose left
[0. 2. 8. 2.]
[  4.   8.  32. 128.]
[  8.  32. 128. 256.]
[  4.  64. 256. 512.]
----------
Turn 658: AI chose left
[2. 8. 2. 2.]
[  4.   8.  32. 128.]
[  8.  32. 128. 256.]
[  4.  64. 256. 512.]
----------
Turn 659: AI chose down
[2. 8. 4. 2.]
[  4.   8.  32. 128.]
[  8.  32. 128. 256.]
[  4.  64. 256. 512.]
----------
Turn 660: AI chose left
[2. 2. 4. 2.]
[  4.  16.  32. 128.]
[  8.  32. 128. 256.]
[  4.  64. 256. 512.]
----------
Turn 661: AI chose down
[4. 4. 2. 2.]
[  4.  16.  32. 128.]
[  8.  32. 128. 256.]
[  4.  64. 256. 512.]
----------
Turn 662: AI chose up
[2. 4. 2. 2.]
[  8.  16.  32. 128.]
[  8.  32. 128. 256.]
[  4.  64. 256. 512.]
----------
Turn 663: AI chose right
[2. 4. 2. 2.]
[ 16.  16.  32. 128.]
[  4.  32. 128. 256.]
[  2.  64. 256. 512.]
----------
Turn 664: AI chose down
[2. 2. 4. 4.]
[  0.  32.  32. 128.]
[  4.  32. 128. 256.]
[  2.  64. 256. 512.]
----------
Turn 665: AI chose right
[2. 0. 4. 4.]
[  2.   2.  32. 128.]
[  4.  64. 128. 256.]
[  2.  64. 256. 512.]
----------
Turn 666: AI chose right
[0. 2. 2. 8.]
[  0.   4.  32. 128.]
[  4.  64. 128. 256.]
[  2.  64. 256. 512.]
----------
Turn 667: AI chose down
[0. 2. 4. 8.]
[  0.   4.  32. 128.]
[  4.  64. 128. 256.]
[  2.  64. 256. 512.]
----------
Turn 668: AI chose down
[2. 0. 4. 8.]
[  0.   2.  32. 128.]
[  4.   4. 128. 256.]
[  2. 128. 256. 512.]
----------
Turn 669: AI chose right
[2. 0. 4. 8.]
[  2.   2.  32. 128.]
[  4.   4. 128. 256.]
[  2. 128. 256. 512.]
----------
Turn 670: AI chose down
[2. 2. 4. 8.]
[  0.   4.  32. 128.]
[  0.   8. 128. 256.]
[  2. 128. 256. 512.]
----------
Turn 671: AI chose up
[2. 2. 4. 8.]
[  0.   4.  32. 128.]
[  0.   8. 128. 256.]
[  4. 128. 256. 512.]
----------
Turn 672: AI chose right
[2. 2. 4. 8.]
[  4.   4.  32. 128.]
[  2.   8. 128. 256.]
[  0. 128. 256. 512.]
----------
Turn 673: AI chose right
[4. 4. 4. 8.]
[  0.   8.  32. 128.]
[  2.   8. 128. 256.]
[  0. 128. 256. 512.]
----------
Turn 674: AI chose down
[2. 4. 8. 8.]
[  0.   8.  32. 128.]
[  2.   8. 128. 256.]
[  0. 128. 256. 512.]
----------
Turn 675: AI chose right
[0. 0. 8. 8.]
[  0.   4.  32. 128.]
[  2.  16. 128. 256.]
[  4. 128. 256. 512.]
----------
Turn 676: AI chose right
[ 2.  0.  0. 16.]
[  0.   4.  32. 128.]
[  2.  16. 128. 256.]
[  4. 128. 256. 512.]
----------
Turn 677: AI chose right
[ 2.  0.  2. 16.]
[  0.   4.  32. 128.]
[  2.  16. 128. 256.]
[  4. 128. 256. 512.]
----------
Turn 678: AI chose down
[ 0.  0.  4. 16.]
[  2.   4.  32. 128.]
[  2.  16. 128. 256.]
[  4. 128. 256. 512.]
----------
Turn 679: AI chose down
[ 0.  2.  4. 16.]
[  0.   4.  32. 128.]
[  4.  16. 128. 256.]
[  4. 128. 256. 512.]
----------
Turn 680: AI chose down
[ 0.  2.  4. 16.]
[  2.   4.  32. 128.]
[  0.  16. 128. 256.]
[  8. 128. 256. 512.]
----------
Turn 681: AI chose right
[ 2.  2.  4. 16.]
[  0.   4.  32. 128.]
[  2.  16. 128. 256.]
[  8. 128. 256. 512.]
----------
Turn 682: AI chose right
[ 2.  4.  4. 16.]
[  0.   4.  32. 128.]
[  2.  16. 128. 256.]
[  8. 128. 256. 512.]
----------
Turn 683: AI chose down
[ 2.  2.  8. 16.]
[  0.   4.  32. 128.]
[  2.  16. 128. 256.]
[  8. 128. 256. 512.]
----------
Turn 684: AI chose right
[ 2.  2.  8. 16.]
[  0.   4.  32. 128.]
[  4.  16. 128. 256.]
[  8. 128. 256. 512.]
----------
Turn 685: AI chose down
[ 0.  4.  8. 16.]
[  2.   4.  32. 128.]
[  4.  16. 128. 256.]
[  8. 128. 256. 512.]
----------
Turn 686: AI chose left
[ 0.  2.  8. 16.]
[  2.   8.  32. 128.]
[  4.  16. 128. 256.]
[  8. 128. 256. 512.]
----------
Turn 687: AI chose down
[ 2.  8. 16.  2.]
[  2.   8.  32. 128.]
[  4.  16. 128. 256.]
[  8. 128. 256. 512.]
----------
Turn 688: AI chose left
[ 2.  0. 16.  2.]
[  4.  16.  32. 128.]
[  4.  16. 128. 256.]
[  8. 128. 256. 512.]
----------
Turn 689: AI chose down
[ 2. 16.  2.  2.]
[  4.  16.  32. 128.]
[  4.  16. 128. 256.]
[  8. 128. 256. 512.]
----------
Turn 690: AI chose right
[2. 0. 2. 2.]
[  2.  16.  32. 128.]
[  8.  32. 128. 256.]
[  8. 128. 256. 512.]
----------
Turn 691: AI chose down
[0. 2. 2. 4.]
[  2.  16.  32. 128.]
[  8.  32. 128. 256.]
[  8. 128. 256. 512.]
----------
Turn 692: AI chose up
[0. 2. 2. 4.]
[  2.  16.  32. 128.]
[  2.  32. 128. 256.]
[ 16. 128. 256. 512.]
----------
Turn 693: AI chose up
[4. 2. 2. 4.]
[ 16.  16.  32. 128.]
[  0.  32. 128. 256.]
[  2. 128. 256. 512.]
----------
Turn 694: AI chose right
[4. 2. 2. 4.]
[ 16.  16.  32. 128.]
[  2.  32. 128. 256.]
[  2. 128. 256. 512.]
----------
Turn 695: AI chose down
[2. 4. 4. 4.]
[  0.  32.  32. 128.]
[  2.  32. 128. 256.]
[  2. 128. 256. 512.]
----------
Turn 696: AI chose up
[0. 2. 4. 4.]
[  0.   4.  32. 128.]
[  2.  64. 128. 256.]
[  4. 128. 256. 512.]
----------
Turn 697: AI chose down
[2. 2. 4. 4.]
[  4.   4.  32. 128.]
[  0.  64. 128. 256.]
[  2. 128. 256. 512.]
----------
Turn 698: AI chose right
[2. 2. 4. 4.]
[  2.   4.  32. 128.]
[  4.  64. 128. 256.]
[  2. 128. 256. 512.]
----------
Turn 699: AI chose right
[4. 0. 4. 8.]
[  2.   4.  32. 128.]
[  4.  64. 128. 256.]
[  2. 128. 256. 512.]
----------
Turn 700: AI chose right
[2. 0. 8. 8.]
[  2.   4.  32. 128.]
[  4.  64. 128. 256.]
[  2. 128. 256. 512.]
----------
Turn 701: AI chose right
[ 0.  2.  2. 16.]
[  2.   4.  32. 128.]
[  4.  64. 128. 256.]
[  2. 128. 256. 512.]
----------
Turn 702: AI chose down
[ 2.  0.  4. 16.]
[  2.   4.  32. 128.]
[  4.  64. 128. 256.]
[  2. 128. 256. 512.]
----------
Turn 703: AI chose right
[ 2.  0.  4. 16.]
[  4.   4.  32. 128.]
[  4.  64. 128. 256.]
[  2. 128. 256. 512.]
----------
Turn 704: AI chose right
[ 2.  2.  4. 16.]
[  0.   8.  32. 128.]
[  4.  64. 128. 256.]
[  2. 128. 256. 512.]
----------
Turn 705: AI chose up
[ 0.  4.  4. 16.]
[  2.   8.  32. 128.]
[  4.  64. 128. 256.]
[  2. 128. 256. 512.]
----------
Turn 706: AI chose up
[ 2.  4.  4. 16.]
[  4.   8.  32. 128.]
[  2.  64. 128. 256.]
[  2. 128. 256. 512.]
----------
Turn 707: AI chose down
[ 2.  4.  4. 16.]
[  4.   8.  32. 128.]
[  4.  64. 128. 256.]
[  2. 128. 256. 512.]
----------
Turn 708: AI chose up
[ 2.  4.  4. 16.]
[  2.   8.  32. 128.]
[  8.  64. 128. 256.]
[  2. 128. 256. 512.]
----------
Turn 709: AI chose right
[ 4.  4.  4. 16.]
[  8.   8.  32. 128.]
[  2.  64. 128. 256.]
[  2. 128. 256. 512.]
----------
Turn 710: AI chose up
[ 2.  4.  8. 16.]
[  0.  16.  32. 128.]
[  2.  64. 128. 256.]
[  2. 128. 256. 512.]
----------
Turn 711: AI chose right
[ 4.  4.  8. 16.]
[  2.  16.  32. 128.]
[  0.  64. 128. 256.]
[  2. 128. 256. 512.]
----------
Turn 712: AI chose up
[ 0.  8.  8. 16.]
[  2.  16.  32. 128.]
[  2.  64. 128. 256.]
[  2. 128. 256. 512.]
----------
Turn 713: AI chose right
[ 4.  8.  8. 16.]
[  2.  16.  32. 128.]
[  0.  64. 128. 256.]
[  2. 128. 256. 512.]
----------
Turn 714: AI chose right
[ 0.  4. 16. 16.]
[  2.  16.  32. 128.]
[  2.  64. 128. 256.]
[  2. 128. 256. 512.]
----------
Turn 715: AI chose left
[ 0.  2.  4. 32.]
[  2.  16.  32. 128.]
[  2.  64. 128. 256.]
[  2. 128. 256. 512.]
----------
Turn 716: AI chose down
[ 2.  4. 32.  2.]
[  2.  16.  32. 128.]
[  2.  64. 128. 256.]
[  2. 128. 256. 512.]
----------
Turn 717: AI chose right
[2. 4. 0. 2.]
[  0.  16.  64. 128.]
[  4.  64. 128. 256.]
[  4. 128. 256. 512.]
----------
Turn 718: AI chose up
[2. 2. 4. 2.]
[  0.  16.  64. 128.]
[  4.  64. 128. 256.]
[  4. 128. 256. 512.]
----------
Turn 719: AI chose up
[2. 2. 4. 2.]
[  8.  16.  64. 128.]
[  0.  64. 128. 256.]
[  2. 128. 256. 512.]
----------
Turn 720: AI chose up
[2. 2. 4. 2.]
[  8.  16.  64. 128.]
[  2.  64. 128. 256.]
[  2. 128. 256. 512.]
----------
Turn 721: AI chose left
[2. 2. 4. 2.]
[  8.  16.  64. 128.]
[  4.  64. 128. 256.]
[  2. 128. 256. 512.]
----------
Turn 722: AI chose left
[4. 4. 2. 2.]
[  8.  16.  64. 128.]
[  4.  64. 128. 256.]
[  2. 128. 256. 512.]
----------
Turn 723: AI chose down
[8. 4. 2. 0.]
[  8.  16.  64. 128.]
[  4.  64. 128. 256.]
[  2. 128. 256. 512.]
----------
Turn 724: AI chose right
[2. 4. 2. 0.]
[ 16.  16.  64. 128.]
[  4.  64. 128. 256.]
[  2. 128. 256. 512.]
----------
Turn 725: AI chose left
[0. 2. 4. 2.]
[  2.  32.  64. 128.]
[  4.  64. 128. 256.]
[  2. 128. 256. 512.]
----------
Turn 726: AI chose left
[2. 4. 2. 2.]
[  2.  32.  64. 128.]
[  4.  64. 128. 256.]
[  2. 128. 256. 512.]
----------
Turn 727: AI chose left
[2. 4. 4. 2.]
[  2.  32.  64. 128.]
[  4.  64. 128. 256.]
[  2. 128. 256. 512.]
----------
Turn 728: AI chose left
[2. 8. 2. 2.]
[  2.  32.  64. 128.]
[  4.  64. 128. 256.]
[  2. 128. 256. 512.]
----------
Turn 729: AI chose up
[2. 8. 4. 2.]
[  2.  32.  64. 128.]
[  4.  64. 128. 256.]
[  2. 128. 256. 512.]
----------
Turn 730: AI chose up
[4. 8. 4. 2.]
[  4.  32.  64. 128.]
[  2.  64. 128. 256.]
[  2. 128. 256. 512.]
----------
Turn 731: AI chose left
[8. 8. 4. 2.]
[  4.  32.  64. 128.]
[  0.  64. 128. 256.]
[  2. 128. 256. 512.]
----------
Turn 732: AI chose right
[16.  4.  2.  2.]
[  4.  32.  64. 128.]
[ 64. 128. 256.   0.]
[  2. 128. 256. 512.]
----------
Turn 733: AI chose right
[ 2. 16.  4.  4.]
[  4.  32.  64. 128.]
[  0.  64. 128. 256.]
[  2. 128. 256. 512.]
----------
Turn 734: AI chose down
[ 0.  2. 16.  8.]
[  4.  32.  64. 128.]
[  4.  64. 128. 256.]
[  2. 128. 256. 512.]
----------
Turn 735: AI chose up
[ 0.  2. 16.  8.]
[  4.  32.  64. 128.]
[  8.  64. 128. 256.]
[  2. 128. 256. 512.]
----------
--- End of History ---
